3
dense 6 6 leakyrelu
dense 8 8 leakyrelu
dense 1 1 leakyrelu

  0.357257    0.14766   0.422428  -0.379721   0.788463  -0.478481
  0.118798  0.0385225 -0.0631531   0.329254   0.781184  -0.540684
  0.403152   0.468066  -0.263701   0.460763 0.00766753  -0.274112
 -0.249049   0.455146   -0.14556  -0.088028   0.515736   0.336795
 -0.446652   0.321208  -0.324883  -0.182738  -0.173674   0.254062
   0.56386   0.527482  -0.269111  -0.336657  -0.239152  -0.327202
 -0.109597  -0.306149  -0.146968  -0.357611  0.0542121  -0.314443
  0.563136   0.532884   0.443814   0.231321  -0.183896  -0.369019

 -0.302444  -0.399421    0.47429  -0.262227  -0.204947   0.458628  0.0130061 0.00994444

-0.0641716 -0.0620656  0.0610432  -0.025971 -0.0359867  0.0611154  0.0163258  0.0561261

0.0603484


