2
dense 784 784 leakyrelu
convolutional 28 28 sigmoid

-143.017 -142.995 -142.983 -143.175 -143.094
-142.807  -142.68 -143.182 -143.027 -143.181
-143.178 -142.811 -142.706 -142.827  -142.79
-142.912 -143.034 -142.826 -142.712 -143.134
-142.913 -142.861 -142.733 -142.757 -143.169

         0          0          0          0          0          0          0          0          0          0          0          0          0          0          0          0          0          0          0          0          0          0          0          0          0          0          0          0
         0          0          0          0          0          0          0          0          0          0          0          0          0          0          0          0          0          0          0          0          0          0          0          0          0          0          0          0
         0          0          0          0          0          0          0          0          0          0          0          0          0          0          0          0          0          0          0          0          0          0          0          0          0          0          0          0
         0          0          0          0          0          0          0          0          0          0          0          0          0          0          0          0          0          0          0          0          0          0          0          0          0          0          0          0
         0          0          0          0          0          0          0          0          0          0          0          0          0          0          0          0          0          0          0          0          0          0          0          0          0          0          0          0
         0          0          0          0          0          0          0          0          0          0          0          0          0          0          0          0          0          0          0   -1.95614   -2.46555   -4.34019     -5.196     -5.196   -2.46555          0          0          0
         0          0          0          0          0          0          0          0          0          0          0          0          0          0          0   -1.05958   -2.20066   -3.19911   -4.91073   -5.11449   -5.15525   -5.15525   -4.93111   -2.97496   -1.40598          0          0          0
         0          0          0          0          0          0          0          0          0          0          0          0  -0.203765   -1.91539   -3.34174   -4.91073   -5.15525   -5.15525   -4.54395   -3.23986   -2.66932  -0.529788  -0.468659          0          0          0          0          0
         0          0          0          0          0          0          0          0          0          0   -1.22259    -2.0784   -4.44207   -5.15525   -5.15525   -4.40132   -2.38405  -0.794682  -0.550165          0          0          0          0          0          0          0          0          0
         0          0          0          0          0          0          0          0          0   -1.10033   -4.17718   -5.15525   -5.15525   -5.15525   -2.99534  -0.570541          0          0          0          0          0          0          0          0          0          0          0          0
         0          0          0          0          0          0          0          0   -1.22259   -4.89035   -5.15525   -5.15525   -5.15525   -4.95148  -0.631671          0          0          0          0          0          0          0          0          0          0          0          0          0
         0          0          0          0          0          0          0          0  -0.529788   -1.63012   -4.23831   -5.15525   -5.15525   -2.99534          0          0          0          0          0          0          0          0          0          0          0          0          0          0
         0          0          0          0          0          0          0          0          0  -0.733553   -4.52358   -5.15525   -5.15525   -2.46555          0          0          0          0          0          0          0          0          0          0          0          0          0          0
         0          0          0          0          0          0          0          0          0          0   -3.60664   -4.93111   -5.15525   -5.05336   -2.99534   -3.01572   -1.85426 -0.0407529          0          0          0          0          0          0          0          0          0          0
         0          0          0          0          0          0          0          0          0          0          0  -0.387153   -2.44518   -4.01416   -5.15525   -5.17562   -5.15525   -1.97652          0          0          0          0          0          0          0          0          0          0
         0          0          0          0          0          0          0          0          0          0          0          0          0          0   -1.46711   -3.91228   -5.17562   -5.17562  -0.815059          0          0          0          0          0          0          0          0          0
         0          0          0          0          0          0          0          0          0          0          0          0          0          0          0  -0.122259   -4.93111   -5.15525  -0.794682          0          0          0          0          0          0          0          0          0
         0          0          0          0          0          0          0          0          0          0          0          0          0          0          0          0   -2.46555   -5.15525   -3.23986          0          0          0          0          0          0          0          0          0
         0          0          0          0          0          0          0          0          0          0          0          0          0          0          0          0   -2.20066   -5.15525   -3.52513          0          0          0          0          0          0          0          0          0
         0          0          0          0          0          0          0          0          0          0          0          0          0          0          0          0   -2.20066   -5.15525   -3.52513          0          0          0          0          0          0          0          0          0
         0          0          0          0          0          0          0          0          0          0          0          0          0          0          0          0   -2.20066   -5.15525   -1.50786          0          0          0          0          0          0          0          0          0
         0          0          0          0          0  -0.448282          0          0          0          0          0          0          0          0          0  -0.407529   -4.09567   -5.15525  -0.794682          0          0          0          0          0          0          0          0          0
         0          0          0          0          0   -3.99379   -3.28061  -0.835435  -0.101882          0          0          0 -0.0611294  -0.550165   -1.99689   -4.19755   -5.15525   -3.95304  -0.305647          0          0          0          0          0          0          0          0          0
         0          0          0          0          0   -2.34329   -4.89035   -5.13487   -3.32136   -2.99534   -2.99534   -2.99534   -3.21948   -5.15525   -5.15525     -5.196   -3.74927   -1.36522          0          0          0          0          0          0          0          0          0          0
         0          0          0          0          0          0          0   -3.19911   -5.15525   -5.15525   -5.15525   -5.15525   -5.15525   -5.15525   -5.15525   -2.46555  -0.122259          0          0          0          0          0          0          0          0          0          0          0
         0          0          0          0          0          0          0          0          0          0          0          0          0          0          0          0          0          0          0          0          0          0          0          0          0          0          0          0
         0          0          0          0          0          0          0          0          0          0          0          0          0          0          0          0          0          0          0          0          0          0          0          0          0          0          0          0
         0          0          0          0          0          0          0          0          0          0          0          0          0          0          0          0          0          0          0          0          0          0          0          0          0          0          0          0


