5
dense 6 6 leakyrelu
dense 32 32 leakyrelu
dense 16 16 leakyrelu
dense 8 8 leakyrelu
dense 1 1 leakyrelu

  0.527507   0.359734   0.244807  -0.438412   0.353387  -0.396728
  0.302856   0.318993   0.534548   0.474423 0.00289759  -0.471627
  0.320698   0.553275 -0.0218069  -0.418029   0.221904   0.359823
 -0.150732  0.0550771   0.432402  -0.119285 -0.0440985 -0.0352304
 -0.389559  -0.308035  -0.549941   0.114632  0.0739992  0.0915717
   0.43911   0.261663  -0.338656   -0.23318  -0.424287  0.0298951
 -0.216887   0.501819  -0.351896  -0.251479   -0.54635   -0.19031
  0.458594   0.297152  -0.258539  -0.341687  0.0243988   0.444597
  0.146404  -0.473332  -0.333441  -0.627712  -0.161755  -0.433339
  0.146281   -0.45437   0.153276  -0.162689  -0.572747  0.0571241
  0.408959  -0.342146   0.168456 -0.0846042   0.467227   0.105423
  0.540369   0.424344   0.610685   0.529826  -0.226995   0.435924
  0.317137   0.258919  0.0767566   0.188398   0.439845  -0.491799
  0.451249  -0.403985  -0.409202   0.194382  -0.293935  -0.390493
 -0.370293  -0.374548   0.129295   0.269312   0.281413  -0.350343
  0.477277  -0.421516  -0.102317   0.482901  -0.406235  -0.232494
  0.417619  -0.526674   0.403204  -0.362185 -0.0594546   0.415485
-0.0393638    -0.4592  -0.597274  0.0930867  -0.263191   0.389626
 -0.223412   0.509537    0.16727   0.476863  -0.165385  -0.504092
 -0.263501  -0.413647  -0.331455   0.384405   0.154059   0.269833
 -0.269386 -0.0765052  0.0693862   0.117857  -0.123311    0.43147
 -0.280792   0.358938   -0.22662  -0.265781  -0.353083  -0.325403
 -0.155804   0.015409  -0.363679 -0.0594743  -0.451957  0.0840083
   0.49423 -0.0252893  -0.544278   0.420188   0.186343    0.22851
 -0.469445  -0.490014   0.249321  -0.278264  -0.296924   0.218508
  0.336292   0.326592   0.130856    0.24649   0.124261 -0.0804712
  0.532906   0.589293  -0.394118  -0.377898   -0.20109 -0.0488043
-0.0984306   0.457579   0.113741  0.0248809  0.0949446  -0.104669
 -0.160002   0.135032   -0.24462   0.252398  -0.107388  -0.407007
 -0.320297   0.261038  -0.369916  -0.329488  -0.467462  -0.577106
 -0.281381   0.505544   0.221026  -0.428154 -0.0859215  -0.115396
  0.250385   0.353794  -0.308772  -0.178236  0.0680783   0.246766

   0.0918592     0.198734     0.276245    -0.293814      0.11861   -0.0618488    -0.138433    0.0297725      -0.2444    -0.126396    0.0431567   -0.0853625    -0.108202  -0.00858957    -0.157089 -0.000558614    -0.203224    0.0629176    -0.166333    -0.159992     0.036173    -0.256765    -0.156014  -0.00673618    -0.226118     0.209692     0.297688     0.242283    -0.137839    0.0718037  -0.00559889    -0.158817
    0.216067   -0.0648803    -0.064145    -0.132491    0.0135147     0.128887      0.10888     0.182466     0.202483    0.0912861    -0.173606     0.233347    -0.141679    -0.142483    -0.140549    -0.142487    -0.181169   -0.0176825     0.253961    0.0820125    0.0185851     0.114846   -0.0700723   -0.0042064    -0.172328   -0.0348966    -0.100533    0.0208395    -0.137096   -0.0765786   -0.0510047   -0.0193157
    0.143151     0.184281    0.0482085     -0.10686   0.00183306     0.114121     0.245662     0.285596     0.209047    0.0716409    0.0123103    -0.200065   -0.0234445  -0.00929143     0.204408     0.222352     0.169132    -0.225381     0.188677     0.243792   -0.0558116   -0.0662379    -0.129197    0.0682845    -0.265549    -0.171182    -0.165353     0.209601   -0.0237572     0.109755     0.184034    0.0610092
  -0.0647655   -0.0730144     0.142678     0.045876   -0.0459656   -0.0284699    -0.156783    -0.014432     -0.13519     0.173454    -0.245471     0.187969    0.0821923     0.151248   0.00180336    -0.224694     0.174136    -0.187326     0.160723   -0.0897245     0.260966     0.215317    -0.276302   -0.0322791  -0.00928124   -0.0433507     -0.23324       -0.169    -0.297252    0.0424987   -0.0503455    0.0683634
   -0.240132    -0.143461     0.166905    -0.104243     0.227688   -0.0536176    -0.109875     0.134059    -0.180377    0.0190062     -0.12012     0.108644  0.000900423     0.185191     0.186204     0.154292    0.0725162   -0.0285005    -0.031767     0.211092     0.186896     0.184142   -0.0339871    0.0721122     0.114423     0.256893    -0.133458   -0.0633571    -0.047368     0.141015   -0.0375519    0.0488854
    0.183106    0.0191008    0.0789284    0.0338268   -0.0295313   0.00975903    -0.110561   -0.0238267   -0.0332382    0.0421165    0.0930531   -0.0118536     0.169468     0.124671     -0.14177  -0.00778371    -0.247995    0.0740041    0.0421144    -0.204114    -0.163629    -0.219876   -0.0478151     0.185298    -0.208904     0.131022     0.297278    -0.066128     0.208302  8.41424e-05     0.133887    0.0739928
   0.0524143     0.067719    -0.191103     0.212921     0.145738     0.145645    -0.164225    0.0235111     0.232114     0.203727     0.193007    -0.108637    0.0635683    0.0280583     0.106602    -0.156183     0.150277   -0.0667509     0.208826     0.199561   -0.0614974   -0.0188146    -0.182917     0.160361     0.247282    -0.217346    0.0896354    -0.141237    -0.184014    -0.201276    0.0760356     -0.23881
  -0.0182392    -0.119828     0.215442   -0.0589561    -0.149742     0.185948    -0.207028    -0.177772   0.00686648     -0.16022    -0.133134    -0.148073     0.221325    0.0600277    -0.172081    -0.160226     0.168614   -0.0615444    -0.167824     0.180503    0.0667265    0.0336789    -0.193552    0.0171017    -0.146764    -0.133262    0.0758356     0.233795   -0.0916655     0.124194    0.0353855   -0.0591226
   0.0956237    0.0833871    0.0548798     0.320234      0.23877     0.129146    -0.236101    0.0900856    -0.112774    0.0486312     0.090893   -0.0821271    -0.255757    -0.288784     0.103368   -0.0933381     0.268555    -0.220158    -0.248997    -0.195708    -0.197556     0.123412   0.00704311     -0.19742    -0.106991    -0.260443   -0.0976516   -0.0273869    -0.336089    0.0539666     0.229399    -0.308815
    0.112511    0.0504749     0.091588     -0.27455   -0.0683459    0.0605635      0.12097     0.155557     0.036168   0.00980616    -0.204807     0.109186    -0.121051    0.0946395     0.107455     0.143747     0.064316     0.140016     0.231471     0.212321     0.139509     -0.12143    -0.128155     0.224148    -0.242125    -0.193865    0.0337949    0.0587993     0.102599   -0.0706812    -0.154758    0.0186662
   -0.206928     0.241456      0.10867   -0.0176344   0.00716158     0.235353    -0.148996    -0.025229    -0.270164     0.111036     0.159586     0.219003      -0.1533    -0.124952    -0.281865    0.0483243     0.143777     0.228152  -0.00487261    -0.264165     0.135703    0.0305161    0.0187819      0.12743   0.00520168     0.026779   -0.0315977   -0.0236149    0.0784073   -0.0815798    0.0129119     0.137509
   0.0634405     0.180953    -0.213002   -0.0796138    -0.129132     0.145561    -0.258345    -0.166287   -0.0426597     0.163845     0.168673     -0.17624   0.00631652    0.0958396     0.107738    -0.194115     0.123052   -0.0898551    -0.174946   -0.0818377     0.124414     0.134496      0.17753    -0.302005     0.140169   0.00410441    -0.229898  -0.00921351    -0.262549     0.258846    -0.142169    -0.146038
   0.0810716     0.226147    -0.222754      0.29605   -0.0920124     -0.15703   -0.0267519     -0.17893   0.00531474   -0.0581831     0.124414    0.0235748    0.0994086    0.0676635     0.139905   0.00276011    -0.123951   -0.0976288    0.0622211     -0.14401     0.222693     0.138638   -0.0765622    -0.171122     0.154885   -0.0291304   -0.0938963   -0.0164879   -0.0965629    -0.107392     0.225536    -0.181062
   0.0346819    0.0254859  -0.00160491    0.0556644     0.200343    -0.136548     -0.13582     -0.26591   -0.0921187    -0.215966     -0.23532     0.216115   -0.0581327    0.0282862    -0.187447    -0.223293    -0.159327     0.163158   -0.0259857    -0.235085      0.22246     0.253573   -0.0310963    -0.315751     0.135875    0.0269149     0.126179    0.0255818    0.0620076   -0.0189226  -0.00318311    -0.275282
   -0.263618     0.133728   -0.0201481     0.208679    0.0643065    0.0605674     0.167724    -0.219482     0.087752    0.0215561    -0.147168    -0.204267    0.0142161     -0.21407    -0.128538   -0.0362497   -0.0699508     0.148315   -0.0397358   -0.0598234    0.0561787      0.11255   -0.0222007   -0.0638974     0.104605   -0.0384232   -0.0961182    -0.233198    -0.104644     0.114777    0.0183819    -0.138469
  -0.0865942    0.0674826    0.0129621     0.310435    -0.224904    -0.157306    -0.174402    -0.195664    -0.129442     0.104298    -0.208974    0.0257738    -0.128387    -0.246998    -0.075112    -0.179862    0.0458551    -0.214827     0.176741    -0.141695     0.165997    0.0220318     0.143957    -0.109308    -0.200448     0.193127    -0.184918    -0.118881   -0.0514554    -0.194723     0.296398     0.129029

  -0.0249766    -0.282995       0.1244    0.0726335    -0.350474    0.0560494     0.298858     0.286999   -0.0435132    -0.271993      0.23788     0.273415    -0.158401    0.0407349     0.301261    -0.228955
   -0.148124     -0.28408      0.18397     0.053641     0.048777    -0.376929      0.22452    0.0253239    -0.163046    0.0536812   -0.0853407    -0.103373     0.303743     0.319008    0.0527165    -0.160689
    0.208076     0.194193   -0.0951318     0.249232     0.128495     0.280333     0.202421    -0.185748     0.159368     0.393287     0.338725    0.0549669    -0.197277     0.203227    -0.143342    -0.383713
     0.37334    -0.180405     0.148956    -0.279616    -0.114601     0.260215    0.0070303 -0.000115604    -0.243475     0.308284    0.0256301     0.148787     0.231715   -0.0663763    -0.066327     0.200981
   0.0640142    -0.152007    -0.143697     0.386673    -0.169233    -0.235763    -0.368516     0.325335     0.301424     0.160529     0.290063    -0.261676      0.35299     0.254826   -0.0442738     0.436385
  -0.0851693     0.178323     0.100464     0.148452     0.197033    -0.279005    -0.305103    -0.308028    -0.340423   -0.0633187     -0.28722     0.194728    -0.312807     0.265077     0.202897     0.171575
   0.0606198    -0.104596     0.126304   -0.0828133    -0.132939   -0.0171576    -0.109849    0.0975437    -0.404974     0.323029     0.177361     -0.19497    -0.298781    -0.230963     0.021214    -0.345016
    0.205478     0.333971    -0.058659    -0.393682     0.175565      0.27376    -0.311234     0.218407    -0.302402    -0.253906     0.258661    -0.223163    -0.101371    -0.279364    0.0450977    0.0327788

-0.335665 -0.273972  0.218038  0.237066 -0.230389  0.158281  0.463099  0.498141

  0.0242702   0.0388537   0.0387646   0.0304285  -0.0109024 -0.00428251  -0.0324687 0.000250826  -0.0559911   0.0277503 -0.00453893   0.0589234   -0.033233  -0.0128263  -0.0365689  0.00660796  -0.0169204   0.0296673   0.0259295  -0.0482829   0.0473033 -0.00650387  -0.0445865   0.0289208  -0.0323657   0.0324809   0.0266304   0.0259317  -0.0123244   -0.022224   0.0192984  -0.0246134

 0.0338976   0.026107 0.00810599 0.00943516  0.0233284  0.0303057 -0.0267116  0.0365269 -0.0304866   0.037786  0.0390595  -0.040151 0.00164465 -0.0112451 -0.0254804  0.0112437

-0.0141906 -0.0272858  0.0324438  0.0323451 0.00169907  0.0310023  0.0359223  0.0320501

0.0317745


