3
dense 6 6 leakyrelu
dense 12 12 leakyrelu
dense 1 1 leakyrelu

   1.55568 0.00982898  -0.950473  0.0707742  -0.622422   0.143889
  0.508659   0.363153   0.056233   0.163744  -0.510027   0.284575
  0.184102  -0.136367   0.671838   0.532804   0.509753   0.493874
  0.916398   0.214828   -1.56779   0.817933  -0.431396   0.378456
 -0.444611   0.718922  -0.425688  -0.821734 -0.0904024   0.285444
  0.484108  0.0253526  -0.376603  -0.512348   0.372974   0.559867
 -0.194598  -0.253501  -0.296444  -0.341318  0.0605205 -0.0031753
  0.807746  -0.331788 -0.0236154   0.324978  -0.092548   0.379528
    1.1894   -0.43969  -0.455091   0.343211  -0.546252  -0.490177
  0.074998  -0.280338   0.264837  -0.395901   0.297497  -0.291242
  0.749677 -0.0628806   0.262688  -0.748859   0.526471  -0.312295
    1.1071   0.224828  -0.070557   -0.75749   0.365499  -0.214901

  1.71984  0.103009 -0.375487   1.97483  -1.05264 -0.472991 0.0806802  0.649469   1.32526 -0.403872  0.766806   1.12256

  -0.372245   -0.117259    0.201863    -0.28452    0.293589    0.109396 -0.00072685   -0.115221   -0.129921  -0.0231115   0.0353004   -0.257798

-0.91746


