3
dense 6 6 sigmoid
dense 8 8 sigmoid
dense 1 1 sigmoid

 -0.245991   0.231524   0.819533  -0.445846   0.348005  -0.421355
 -0.707987   0.126288    0.42495   0.285819   0.295546   -0.48668
   2.08289 -0.0320322   -1.61964   0.222222   0.489334  -0.347298
  -1.78113   0.586988   0.793473  -0.109451    0.04978   0.370499
  -1.67547   0.514903   0.597599 -0.0930172  -0.278426   0.297245
   2.55256  0.0930705   -1.79127  -0.445091   0.233652  -0.400485
 -0.480538  -0.280884   0.126358  -0.281123   0.545221  -0.340748
  0.679472   0.434034   0.303237   0.232999   0.296146  -0.433189

-0.807894  -0.99732   2.60669   -2.0857  -1.85477   3.07856 -0.538116  0.283141

 0.0168173  0.0251946   -0.46968   0.102557   0.159412  -0.401557  0.0497403 -0.0537768

-0.312353


