3
dense 6 6 leakyrelu
dense 12 12 leakyrelu
dense 1 1 leakyrelu

    1.23117    0.212045    -0.88481   -0.175027   -0.563715    0.146727
   0.506615     0.37907   0.0809883    0.156407   -0.501921    0.284798
   0.528113   -0.335715    0.334866    0.478479    0.481405    0.491076
   0.685201    0.288035   -0.905136     0.23868     -0.4044    0.379484
  -0.489977    0.530532   -0.106679    -0.44416   -0.109115      0.2828
   0.471092  -0.0232248   -0.303487   -0.489046    0.370136    0.559185
  -0.194646   -0.253418   -0.296352   -0.341421   0.0605568 -0.00317414
    0.94753   -0.337246   -0.284097    0.292329  -0.0844961    0.379452
    1.24166    -0.37192   -0.548326    0.161836   -0.512973   -0.489225
  0.0777848   -0.278268    0.265197   -0.395674    0.297351   -0.291212
   0.840411   -0.138129   0.0451911   -0.432893    0.544462   -0.313351
   0.922628    0.302396   -0.424009   -0.394874    0.404135   -0.213812

  1.35036   0.10587  0.120615   1.12368 -0.439908 -0.355996 0.0806587  0.852106   1.33171 -0.402715  0.571369  0.822091

   -0.159387    -0.100505  -0.00797643    -0.207461     0.095284    0.0582619 -0.000639755    -0.120966   -0.0585836    -0.020933   -0.0439084    -0.176148

-0.815651


