5
dense 6 6 leakyrelu
dense 32 32 leakyrelu
dense 16 16 leakyrelu
dense 8 8 leakyrelu
dense 1 1 leakyrelu

   0.538526    0.303908     0.26162    -0.40141    0.050739   -0.371966
   0.159548    0.269821    0.468766     0.37328    0.180152    -0.43657
   0.280305    0.492006     -0.1014   -0.444649 -0.00224541    0.319164
   -0.18799   0.0851257    0.374942   -0.082911    0.219293  0.00443868
  -0.245256   -0.299164   -0.491205    0.112696   -0.129613   0.0585152
   0.468141    0.249886   -0.272151   -0.194037    -0.67919    0.042809
  -0.181716    0.367631   -0.238303   -0.278227   -0.567005   -0.251424
   0.498457    0.265694   -0.184387   -0.288988    -0.30131    0.397431
   0.255028    -0.46547   -0.208412   -0.580067   -0.615798   -0.429613
    0.21317   -0.437806     0.19384    -0.18082   -0.781973   0.0193808
   0.500539    -0.24973    0.216073   0.0031021   0.0221943    0.150167
   0.366962    0.423058    0.474581    0.477869    0.184863    0.433403
   0.206881    0.217755   0.0174615    0.104922    0.375647   -0.452994
   0.424379   -0.416782   -0.394495    0.166703   -0.667283   -0.404524
  -0.265502   -0.293766    0.243318    0.380585    0.254115   -0.272155
   0.558234   -0.334805  0.00478192    0.479084   -0.675212   -0.165921
   0.541894   -0.329669    0.473292   -0.155862   -0.400438    0.512114
  0.0399287   -0.428594   -0.511544   0.0966176   -0.486833    0.329856
  -0.319936     0.47486    0.110652    0.411476     0.22752   -0.430783
  -0.106941   -0.353728   -0.222695    0.400144   -0.204572    0.256872
  -0.287259  0.00352004   0.0729221    0.145697     0.22487    0.457405
   -0.26637    0.381765   -0.194229   -0.214462   0.0652321   -0.229677
 -0.0475572   0.0378161   -0.223303   0.0121846   -0.401652   0.0990264
    0.52804  -0.0126622   -0.440252    0.405015   -0.121909    0.214099
  -0.473193   -0.463371    0.234054    -0.23642  -0.0273401    0.169746
   0.313307       0.274   0.0835089    0.155997  -0.0598512  -0.0896946
   0.546593    0.520785   -0.338441    -0.35171   -0.435027  -0.0493332
  -0.052077    0.410883   0.0948739   -0.007479   -0.128893  -0.0914683
  -0.137746    0.145291   -0.187215    0.242664    0.276099   -0.339007
   -0.30401    0.229769   -0.413967   -0.290446   -0.397779   -0.518808
  -0.313399    0.478078     0.17867   -0.395527     0.26551  -0.0767109
   0.249857    0.321296   -0.302756   -0.172588   -0.238825    0.225668

    0.107301     0.189117     0.268994    -0.287327    0.0951375  -0.00950491     -0.12453    0.0751075    -0.224783    -0.106914    0.0921857   -0.0636122   -0.0899146   -0.0100765    -0.210384    0.0768997   -0.0940332    0.0543715    -0.148082    -0.144003   -0.0517802    -0.305443    -0.159112    0.0329818    -0.219688     0.203858     0.298513     0.219343    -0.166815    0.0662385    -0.040391    -0.107414
    0.212799   -0.0586075   -0.0564595     -0.15622    0.0117012     0.145068     0.050777     0.199967     0.199409     0.132934   -0.0662867     0.207043    -0.135863   -0.0997048    -0.179481   -0.0214525   -0.0424259 -0.000968268     0.197007    0.0836354    -0.116429   -0.0363111   -0.0865999    0.0340484     -0.15232   -0.0283484   -0.0783813  -0.00291443    -0.207153   -0.0875218    -0.117766   -0.0111667
    0.104017     0.105954    0.0651433    -0.145588    0.0502667      0.11757     0.443299     0.278216     0.221961      0.04464    -0.157418    -0.231847   -0.0629095   -0.0113576     0.148037    0.0577412    0.0330403     -0.16672     0.146113     0.220416   -0.0725516    0.0738261   -0.0140878   -0.0176628    -0.208443    -0.199235     -0.12442     0.172938   -0.0894388     0.289952     0.254082     0.104757
  -0.0976078   -0.0730468     0.127005    0.0737841   -0.0257222   -0.0497061   -0.0253695   -0.0539914    -0.145788    0.0823736    -0.362163     0.161587    0.0728371    0.0811591     0.031805     -0.35815   -0.0777668    -0.174843     0.183559   -0.0812396     0.410913     0.418768    -0.257652   -0.0932484  -0.00537169   -0.0513682    -0.213276    -0.129301     -0.15021     0.144312    0.0421971    0.0699192
   -0.173671     -0.10907      0.17037    -0.128982     0.183652    0.0106362    -0.138299     0.179995    -0.164577    0.0402362    0.0183748     0.116858    0.0162211     0.198666    0.0915214     0.273426     0.171884   -0.0281329   -0.0339373     0.180899    0.0492843    0.0241366   -0.0670979     0.149669    0.0768764     0.254827    -0.082542    -0.058287   -0.0837339    0.0794899    -0.082291    0.0785453
    0.179052    0.0188707    0.0748111   -0.0132914   -0.0259319    0.0464011    -0.125307      0.01957   -0.0189476    0.0722091     0.154556  -0.00854567     0.147782     0.133649    -0.185294    0.0900547    -0.116087    0.0797535    0.0173647    -0.168848    -0.265873    -0.316502   -0.0548602     0.210033    -0.191966     0.123291     0.283614     -0.07481     0.118913  -0.00766993    0.0490416    0.0844462
   0.0600217    0.0862211    -0.139695     0.186289     0.115444     0.183235    -0.139157    0.0577189     0.174256     0.118747     0.175419   -0.0704809    0.0983263    0.0149783      0.09287     -0.12224    0.0446931   -0.0786482     0.226118     0.152107   0.00769807     0.128948    -0.143296     0.226994     0.175776    -0.162773     0.124961   -0.0865292   -0.0823098    -0.187773      0.11416     -0.14949
  -0.0165388   -0.0865358     0.240024   -0.0578264    -0.135791     0.204436   -0.0591647    -0.124789   -0.0676377    -0.272964    -0.227756    -0.108809     0.223908   -0.0259015    -0.199566    -0.211106    0.0385106    -0.078334   -0.0599641     0.139191     0.265562     0.180461     -0.12847    0.0210847    -0.171065   -0.0976368     0.117248     0.262593    0.0450785     0.164813      0.13897    0.0235363
   0.0433056    0.0431665   0.00550963     0.295538     0.243147    0.0533806     -0.21915    0.0162861   -0.0722202    0.0640981    0.0231915    -0.106279    -0.255911    -0.237531     0.181105    -0.166718     0.165902    -0.174149    -0.246187    -0.155408    -0.101656     0.168033    0.0349994    -0.228071   -0.0568044    -0.269461    -0.139063   -0.0505579    -0.273621    0.0526242     0.216672    -0.331558
    0.138285     0.078942     0.122158    -0.182026   -0.0949407    0.0833894     0.153749     0.175864   -0.0112816   -0.0314421    -0.157843     0.130868    -0.086674    0.0505392     0.028403     0.167755      0.11096    0.0889908     0.252701     0.164341     0.158306    -0.100876    -0.156081     0.201933    -0.246609    -0.139897    0.0635171     0.091227    0.0944451    -0.048691    -0.096415    0.0470902
   -0.161024      0.22086     0.141158   -0.0278081  -0.00323188     0.261649   -0.0515472    0.0321037    -0.257559    0.0653391     0.128036     0.204914    -0.129798    -0.149899    -0.335991    0.0539663     0.169861     0.193373    0.0143717    -0.250295    0.0849745    0.0447858    0.0110761     0.125953   -0.0162842    0.0369585    0.0202478  -0.00245128    0.0539868   -0.0187561     0.037959     0.179843
 -0.00222578     0.127637    -0.260139     -0.21878    -0.057692     0.124612    -0.356053    -0.176231    0.0134133     0.208072     0.175452    -0.189925  -0.00859029     0.223373     0.115847    -0.107007    0.0557315  -0.00395092    -0.219099    0.0047539   0.00720546   0.00277745     0.274365    -0.188411     0.141993   -0.0228894    -0.239716   -0.0721025    -0.209336     0.177512    -0.300976    -0.152904
   0.0540201     0.220024    -0.217955     0.341598   -0.0961068    -0.209656   -0.0137889    -0.232254   -0.0289317    -0.100619     0.060026    0.0332382     0.094305   -0.0260639     0.211208   -0.0813608    -0.217618    -0.120118    0.0987942    -0.144037     0.387212      0.24102    -0.125121    -0.203622     0.143685   -0.0243389    -0.123112    0.0115173    0.0146883    -0.096977     0.279733    -0.225177
 -0.00429101    0.0222626  0.000862066    0.0855598     0.187622    -0.153291   -0.0453024     -0.28264    -0.117019    -0.284723    -0.361145     0.195417    -0.043101   -0.0214747    -0.126517    -0.343291    -0.352817     0.131758    0.0293286     -0.21405      0.37867     0.438251   -0.0078381    -0.326059     0.112724    0.0217012     0.107889    0.0524747     0.199585    0.0437102    0.0913084    -0.239414
   -0.261251     0.105818   -0.0302378     0.194797    0.0736284    0.0304324      0.17111    -0.222054    0.0827411  -0.00344407    -0.209488    -0.194104    0.0121011    -0.200715    -0.059534    -0.131697    -0.162106     0.140524   -0.0333163   -0.0464849     0.124758     0.200556    0.0293145   -0.0798725     0.103027   -0.0488873   -0.0996598    -0.211953   -0.0323202      0.12415    0.0426644    -0.132566
   -0.111029    0.0569447    0.0106647     0.303638    -0.191646    -0.170809   -0.0953136     -0.21781    -0.145396   0.00949376    -0.306611    0.0225999    -0.108697    -0.284235   -0.0170719    -0.294506    -0.185937    -0.202865     0.204191    -0.134518     0.313203     0.214264     0.145775    -0.149259    -0.184502     0.167074    -0.170332   -0.0827006    0.0891619    -0.121492     0.352201     0.117331

 -0.0777163   -0.304684    0.117218     0.37818   -0.368125   0.0219521    0.294127    0.317813  -0.0575314   -0.244925    0.183138     0.23789  -0.0285115    0.369121    0.306703    0.162781
   -0.11426   -0.204023    0.243149      0.5401  6.5575e-05   -0.309468    0.253079    0.113296   -0.188865   0.0876086  -0.0386954   -0.161073     0.53751    0.794241   0.0139542    0.369953
   0.220373    0.182406  -0.0774031   -0.161133    0.182899    0.277313    0.199496   -0.101271    0.124697    0.378694    0.328541    0.021055   -0.399612   -0.239802   -0.152494   -0.783516
   0.367996   -0.152437    0.140758   -0.633487  -0.0352972    0.259124   0.0243539   0.0648716   -0.234397    0.302126   0.0484642    0.105319  -0.0158885   -0.480463  -0.0834803   -0.260826
-0.00690873   -0.157187   -0.131722    0.821817   -0.241307   -0.259817   -0.303165    0.308993    0.282505    0.108658    0.230809   -0.237058    0.590037    0.698486  0.00551414      0.8724
 -0.0444661    0.165247   0.0909037    -0.26102    0.243659   -0.226042   -0.261317   -0.223927   -0.319431   -0.033337   -0.234281    0.152618   -0.505545    -0.19363    0.160479   -0.294873
   0.112597  -0.0504782    0.149586   -0.429934   -0.023948   0.0376814  -0.0780545    0.132151   -0.417372    0.325856    0.219902   -0.236655   -0.451903   -0.593161  -0.0321249   -0.711051
   0.217257    0.306107  -0.0460284   -0.743748    0.224341    0.270355   -0.259242    0.257586   -0.286347   -0.201234    0.255447   -0.225282   -0.317878    -0.67711   0.0171674   -0.417201

-0.488389 -0.718147  0.261881  0.282523 -0.714326  0.149795  0.573574  0.641094

 0.00418181   0.0195259   0.0323087    0.063103  -0.0336861   0.0122728   -0.109737 0.000422547  -0.0925903 -0.00704801    0.051911   0.0965667  -0.0432732   -0.067295  0.00820687   0.0477094    0.125779  0.00819249   0.0427733  -0.0272872    0.114139   0.0552552  -0.0157878   0.0357726  -0.0544777   0.0112218   0.0180654     0.02522   0.0136335   -0.023316   0.0436345  -0.0167985

  0.0330682 -0.00248682  0.00688265   0.0377437   0.0179124  0.00930621   0.0212238    0.097336   -0.053776   0.0695708   0.0595138  -0.0958526   0.0244936   0.0299655  -0.0207025   0.0446067

-0.000787012    0.0736788    0.0348038    0.0344685     0.032924    0.0266903    0.0734953    0.0322014

0.0312834


