3
dense 6 6 leakyrelu
dense 12 12 leakyrelu
dense 1 1 leakyrelu

    1.50375   0.0818065    -1.13231   0.0142052   -0.592657    0.144899
   0.466061    0.402096   0.0860517    0.186485    -0.50398    0.285121
   0.232643   -0.257553    0.597241    0.524069    0.498259    0.492173
   0.856156    0.225327    -1.34342    0.620345   -0.426061    0.378603
  -0.442676    0.540736   -0.199908   -0.569245   -0.109845    0.282943
   0.391785    -0.11907   -0.319604   -0.496003    0.369481     0.55784
  -0.194641   -0.253308   -0.296409   -0.341256   0.0605412 -0.00317259
   0.765037   -0.283591  -0.0280153    0.330988  -0.0797618    0.380205
    1.08633   -0.348227   -0.434781    0.264036   -0.517646   -0.488893
  0.0761412   -0.280367    0.265933   -0.395838    0.297421   -0.291242
   0.655865   -0.104382    0.275046   -0.585854    0.547804   -0.312877
   0.883616    0.240178   -0.110699   -0.609061    0.401074   -0.214685

  1.72894  0.103902 -0.245256   1.66926 -0.560427 -0.292219 0.0798051  0.556815   1.13601  -0.40465  0.520902  0.796143

   -0.296479    -0.076267    0.0742994    -0.273469     0.106024   -0.0426273 -0.000523579   -0.0644863   -0.0336444   -0.0231427  -0.00838571    -0.241641

-0.667174


