2
dense 784 784 leakyrelu
convolutional 28 28 sigmoid

 -157.43 -157.408 -157.396 -157.588 -157.506
 -157.22 -157.093 -157.595  -157.44 -157.594
-157.591 -157.223 -157.119 -157.239 -157.203
-157.325 -157.446 -157.239 -157.124 -157.546
-157.326 -157.274 -157.145 -157.169 -157.582

         0          0          0          0          0          0          0          0          0          0          0          0          0          0          0          0          0          0          0          0          0          0          0          0          0          0          0          0
         0          0          0          0          0          0          0          0          0          0          0          0          0          0          0          0          0          0          0          0          0          0          0          0          0          0          0          0
         0          0          0          0          0          0          0          0          0          0          0          0          0          0          0          0          0          0          0          0          0          0          0          0          0          0          0          0
         0          0          0          0          0          0          0          0          0          0          0  -0.134588    -2.7142   -5.67514   -5.67514   -5.67514   -5.67514   -5.67514   -5.67514   -5.67514   -3.52173          0          0          0          0          0          0          0
         0          0          0          0          0          0          0          0          0          0    -1.5029   -4.12737      -5.72   -5.67514   -5.67514   -3.54416   -3.29741   -3.29741   -3.29741   -3.65631   -5.65271   -5.38353   -2.57961          0          0          0          0          0
         0          0          0          0          0          0          0          0          0  -0.336471   -4.35169   -5.67514   -4.62086   -2.19827  -0.605647 -0.0672941          0          0          0  -0.112157  -0.919686   -3.61145   -4.39655          0          0          0          0          0
         0          0          0          0          0          0          0          0          0  -0.874824   -5.67514   -4.50871  -0.448627          0          0          0          0          0          0          0          0          0   -0.49349          0          0          0          0          0
         0          0          0          0          0          0          0          0          0   -1.65992   -5.67514   -2.42259          0          0          0          0          0          0          0          0          0          0          0          0          0          0          0          0
         0          0          0          0          0          0          0          0          0   -3.88063   -5.67514   -2.42259          0          0          0          0          0          0          0          0          0          0          0          0          0          0          0          0
         0          0          0          0          0          0          0          0          0   -3.88063   -5.67514   -2.42259          0          0          0          0          0          0          0          0          0          0          0          0          0          0          0          0
         0          0          0          0          0          0          0          0          0   -3.56659   -5.67514    -2.7142          0          0          0          0          0          0          0          0          0          0          0          0          0          0          0          0
         0          0          0          0          0          0          0          0          0  -0.874824   -5.67514   -5.42839  -0.134588          0          0          0          0          0          0          0          0          0          0          0          0          0          0          0
         0          0          0          0          0          0          0          0          0  -0.897255   -5.69757   -5.69757   -4.30682   -1.61506          0          0          0          0          0          0          0          0          0          0          0          0          0          0
         0          0          0          0          0          0          0          0          0          0   -2.17584   -5.67514   -5.69757   -5.67514   -4.41898   -2.69176  -0.426196          0          0          0          0          0          0          0          0          0          0          0
         0          0          0          0          0          0          0          0          0          0 -0.0448627   -2.04125   -3.31984   -3.29741   -5.56298   -5.67514   -5.42839   -3.97035          0          0          0          0          0          0          0          0          0          0
         0          0          0          0          0          0          0          0          0          0          0          0          0          0    -2.7142   -5.67514   -5.67514   -4.97976  -0.807529          0          0          0          0          0          0          0          0          0
         0          0          0          0          0          0          0          0          0          0          0          0          0          0   -3.29741   -5.67514   -5.67514   -4.66573   -1.79451  -0.583216          0          0          0          0          0          0          0          0
         0          0          0          0          0          0          0          0          0          0          0          0          0  -0.695373   -5.45082   -5.67514   -5.67514   -5.67514   -5.38353   -1.34588          0          0          0          0          0          0          0          0
         0          0          0          0          0          0          0          0          0          0          0          0  -0.628078   -3.29741   -5.67514   -5.67514   -5.67514   -4.59843   -1.21129          0          0          0          0          0          0          0          0          0
         0          0          0          0          0          0          0          0          0  -0.605647  -0.874824   -2.62447   -4.84518   -5.67514   -5.67514   -4.89004     -2.288   -1.34588          0          0          0          0          0          0          0          0          0          0
         0          0          0          0          0  -0.515922  -0.583216   -2.93851   -3.56659    -5.0022   -5.67514   -5.67514   -5.40596   -3.67875   -2.10855  -0.224314          0          0          0          0          0          0          0          0          0          0          0          0
         0          0          0   -1.54776   -3.27498   -5.42839   -5.67514   -5.67514   -5.63027   -5.40596   -3.52173   -2.42259   -1.16643          0          0          0          0          0          0          0          0          0          0          0          0          0          0          0
         0          0          0    -2.7142      -5.72      -5.72   -4.77788    -2.7142   -2.15341          0          0          0          0          0          0          0          0          0          0          0          0          0          0          0          0          0          0          0
         0          0          0          0          0          0          0          0          0          0          0          0          0          0          0          0          0          0          0          0          0          0          0          0          0          0          0          0
         0          0          0          0          0          0          0          0          0          0          0          0          0          0          0          0          0          0          0          0          0          0          0          0          0          0          0          0
         0          0          0          0          0          0          0          0          0          0          0          0          0          0          0          0          0          0          0          0          0          0          0          0          0          0          0          0
         0          0          0          0          0          0          0          0          0          0          0          0          0          0          0          0          0          0          0          0          0          0          0          0          0          0          0          0
         0          0          0          0          0          0          0          0          0          0          0          0          0          0          0          0          0          0          0          0          0          0          0          0          0          0          0          0


