3
dense 6 6 sigmoid
dense 8 8 sigmoid
dense 1 1 sigmoid

   -1.09908    0.769029     3.07765    -1.48357    0.534511   -0.413811
     -3.192     0.35154     1.90804 -0.00177514    0.578747   -0.483518
    8.95565   -0.797582    -5.57188    0.280028   -0.285208   -0.358042
   -7.10037     1.15986     4.18412   -0.453555     0.67135    0.378539
   -6.41724     1.02382     3.70617   -0.460357    0.280765    0.304387
     10.563   -0.870169    -6.58465   0.0859912   -0.673802   -0.414004
   -1.81108 -0.00419665    0.801139   -0.455148    0.699591   -0.336865
    1.36819    0.218481   -0.242131    0.379184    0.206238   -0.436214

-3.22655 -3.75557  10.4075 -8.25731 -7.40113  12.3106 -2.07949  1.29555

 0.582612  0.262302  -1.27552  0.705578  0.695109  -1.41549   0.34099 -0.280675

-0.350751


