3
dense 6 6 sigmoid
dense 8 8 sigmoid
dense 1 1 sigmoid

 -0.783564   0.288355    1.46322  -0.506881   0.473368  -0.420557
  -1.12688   0.102335   0.826528    0.25754   0.413969  -0.487016
    3.2531 -0.0749464    -2.7297   0.215825   0.177046    -0.3479
   -2.2443   0.567761    1.40001   -0.13683   0.251642   0.370229
  -1.91031   0.500915   0.992897  -0.133099  -0.120913   0.297048
   4.06215   0.109365   -3.24032  -0.361736  -0.147312  -0.400256
 -0.526038  -0.266733   0.176717  -0.298641   0.584212   -0.34055
  0.541534   0.476166   0.402411   0.259654   0.292186  -0.432597

 -1.72104  -1.57099   4.12086  -2.77524  -2.21632    5.0541 -0.649331 0.0539782

   0.0766393 -1.89376e-05    -0.514853    0.0823183     0.144688    -0.384404    0.0646359  -0.00942805

-0.350261


