3
dense 6 6 leakyrelu
dense 12 12 leakyrelu
dense 1 1 leakyrelu

   0.670233     0.11027   -0.272602  -0.0997975    -1.38833   0.0371492
    0.78044    0.284964   0.0168743    0.140407    -1.48179     0.22076
   0.763499  -0.0424795   0.0745994    0.231975    -1.14864    0.236667
   0.533762    0.176064   -0.242384   0.0980613    -1.46526    0.141011
  -0.535337    0.347188    0.246285  -0.0307932     1.30781    0.293185
   0.369357   -0.344074   -0.449334   -0.341345     -1.0609   -0.126409
   0.331816   -0.338434   -0.482521    -0.28744    -1.34991   -0.253134
  -0.138146    0.275919    0.557456     0.35593     1.38063    0.481493
   0.672513   -0.107024  -0.0534049   0.0927114    -1.49217   -0.165688
   -0.41961   0.0791716    0.395582    0.012064     1.45492   0.0680791
   0.760409 -0.00386675   0.0329821   -0.110655    -1.14213  -0.0775817
  -0.226377    0.413341    0.392025  -0.0251035     1.54115    0.181245

  1.05877  0.258489  0.401419  0.626497 -0.754201  0.312952  0.370288 -0.274901   1.01765  -1.18443   0.71473 -0.368281

 -0.0135653     0.12328   0.0693205   0.0107771     0.19727   -0.317304   -0.252299    0.351669 0.000731502    0.167205   0.0289832    0.253297

-0.076925


