2
dense 784 784 leakyrelu
convolutional 28 28 leakyrelu

 -0.211473 -0.0366392   0.350026
  0.138988 -0.0373815   0.133238
 -0.479654  -0.173859  -0.238437

        0         0         0         0         0         0         0         0         0         0         0         0         0         0         0         0         0         0         0         0         0         0         0         0         0         0         0         0
        0         0         0         0         0         0         0         0         0         0         0         0         0         0         0         0         0         0         0         0         0         0         0         0         0         0         0         0
        0         0         0         0         0         0         0         0         0         0         0         0         0         0         0         0         0         0         0         0         0         0         0         0         0         0         0         0
        0         0         0         0         0         0         0         0         0         0         0         0         0         0         0         0         0         0         0         0         0         0         0         0         0         0         0         0
        0         0         0         0         0         0         0         0         0         0         0         0         0         0         0         0         0         0         0         0         0         0         0         0         0         0         0         0
        0         0         0         0         0         0         0         0         0         0         0         0         0         0         0         0         0         0         0 0.0440003 0.0440003 0.0440003 0.0440003 0.0440003 0.0440003         0         0         0
        0         0         0         0         0         0         0         0         0         0         0         0         0         0         0 0.0440003 0.0440003 0.0440003 0.0440003 0.0440003 0.0440003 0.0440003 0.0440003 0.0440003 0.0440003         0         0         0
        0         0         0         0         0         0         0         0         0         0         0         0 0.0440003 0.0440003 0.0440003 0.0440003 0.0440003 0.0440003 0.0440003 0.0440003 0.0440003 0.0440003 0.0440003         0         0         0         0         0
        0         0         0         0         0         0         0         0         0         0 0.0440003 0.0440003 0.0440003 0.0440003 0.0440003 0.0440003 0.0440003 0.0440003 0.0440003         0         0         0         0         0         0         0         0         0
        0         0         0         0         0         0         0         0         0 0.0440003 0.0440003 0.0440003 0.0440003 0.0440003 0.0440003 0.0440003         0         0         0         0         0         0         0         0         0         0         0         0
        0         0         0         0         0         0         0         0 0.0440003 0.0440003 0.0440003 0.0440003 0.0440003 0.0440003 0.0440003         0         0         0         0         0         0         0         0         0         0         0         0         0
        0         0         0         0         0         0         0         0 0.0440003 0.0440003 0.0440003 0.0440003 0.0440003 0.0440003         0         0         0         0         0         0         0         0         0         0         0         0         0         0
        0         0         0         0         0         0         0         0         0 0.0440003 0.0440003 0.0440003 0.0440003 0.0440003         0         0         0         0         0         0         0         0         0         0         0         0         0         0
        0         0         0         0         0         0         0         0         0         0 0.0440003 0.0440003 0.0440003 0.0440003 0.0440003 0.0440003 0.0440003 0.0440003         0         0         0         0         0         0         0         0         0         0
        0         0         0         0         0         0         0         0         0         0         0 0.0440003 0.0440003 0.0440003 0.0440003 0.0440003 0.0440003 0.0440003         0         0         0         0         0         0         0         0         0         0
        0         0         0         0         0         0         0         0         0         0         0         0         0         0 0.0440003 0.0440003 0.0440003 0.0440003 0.0440003         0         0         0         0         0         0         0         0         0
        0         0         0         0         0         0         0         0         0         0         0         0         0         0         0 0.0440003 0.0440003 0.0440003 0.0440003         0         0         0         0         0         0         0         0         0
        0         0         0         0         0         0         0         0         0         0         0         0         0         0         0         0 0.0440003 0.0440003 0.0440003         0         0         0         0         0         0         0         0         0
        0         0         0         0         0         0         0         0         0         0         0         0         0         0         0         0 0.0440003 0.0440003 0.0440003         0         0         0         0         0         0         0         0         0
        0         0         0         0         0         0         0         0         0         0         0         0         0         0         0         0 0.0440003 0.0440003 0.0440003         0         0         0         0         0         0         0         0         0
        0         0         0         0         0         0         0         0         0         0         0         0         0         0         0         0 0.0440003 0.0440003 0.0440003         0         0         0         0         0         0         0         0         0
        0         0         0         0         0 0.0440003         0         0         0         0         0         0         0         0         0 0.0440003 0.0440003 0.0440003 0.0440003         0         0         0         0         0         0         0         0         0
        0         0         0         0         0 0.0440003 0.0440003 0.0440003 0.0440003         0         0         0 0.0440003 0.0440003 0.0440003 0.0440003 0.0440003 0.0440003 0.0440003         0         0         0         0         0         0         0         0         0
        0         0         0         0         0 0.0440003 0.0440003 0.0440003 0.0440003 0.0440003 0.0440003 0.0440003 0.0440003 0.0440003 0.0440003 0.0440003 0.0440003 0.0440003         0         0         0         0         0         0         0         0         0         0
        0         0         0         0         0         0         0 0.0440003 0.0440003 0.0440003 0.0440003 0.0440003 0.0440003 0.0440003 0.0440003 0.0440003 0.0440003         0         0         0         0         0         0         0         0         0         0         0
        0         0         0         0         0         0         0         0         0         0         0         0         0         0         0         0         0         0         0         0         0         0         0         0         0         0         0         0
        0         0         0         0         0         0         0         0         0         0         0         0         0         0         0         0         0         0         0         0         0         0         0         0         0         0         0         0
        0         0         0         0         0         0         0         0         0         0         0         0         0         0         0         0         0         0         0         0         0         0         0         0         0         0         0         0


