3
dense 6 6 leakyrelu
dense 12 12 leakyrelu
dense 1 1 leakyrelu

   0.886609    0.269803   -0.852455   -0.197353   -0.535542    0.147538
   0.432928    0.426778    0.160559    0.195788   -0.498686    0.285467
   0.402388   -0.329212    0.435049    0.506183    0.485831    0.491168
   0.363901    0.304997    -0.69303    0.198081   -0.383867    0.379722
  -0.378734    0.532695  -0.0445272   -0.390508   -0.120472     0.28283
   0.417198  -0.0862467   -0.311656   -0.493749    0.369644    0.558301
  -0.194816   -0.253262   -0.296198   -0.341322   0.0605749 -0.00317193
   0.710656   -0.319439   -0.083413    0.337077  -0.0672516    0.379701
    0.90309   -0.373575   -0.331768    0.222369   -0.485898   -0.489249
  0.0895788   -0.270611    0.274485   -0.394729    0.297153   -0.291105
   0.843877   -0.184127     0.03966   -0.343175    0.554515   -0.313996
   0.777517    0.310881   -0.398342   -0.417028     0.42069   -0.213693

   1.02253 0.00753817 -0.0371677    0.75238  -0.221616  -0.301445  0.0795957   0.525498   0.934225  -0.404697   0.545693   0.669677

  -0.0985881    -0.050286  -0.00113083    -0.189606    0.0975609  -0.00807693 -0.000474635    -0.102222   -0.0603266   -0.0128727    -0.092327    -0.167217

-0.610475


