2
dense 784 784 leakyrelu
convolutional 28 28 leakyrelu

-98.9816 -98.9591  -98.947 -99.1396 -99.0578
-98.7713 -98.6446 -99.1465 -98.9914  -99.145
-99.1426 -98.7747 -98.6704 -98.7907 -98.7545
-98.8767 -98.9978 -98.7907 -98.6757 -99.0977
-98.8771  -98.825 -98.6969 -98.7208 -99.1337

         0          0          0          0          0          0          0          0          0          0          0          0          0          0          0          0          0          0          0          0          0          0          0          0          0          0          0          0
         0          0          0          0          0          0          0          0          0          0          0          0          0          0          0          0          0          0          0          0          0          0          0          0          0          0          0          0
         0          0          0          0          0          0          0          0          0          0          0          0          0          0          0          0          0          0          0          0          0          0          0          0          0          0          0          0
         0          0          0          0          0          0          0          0          0          0          0 -0.0845882   -1.70586    -3.5668    -3.5668    -3.5668    -3.5668    -3.5668    -3.5668    -3.5668   -2.21339          0          0          0          0          0          0          0
         0          0          0          0          0          0          0          0          0          0  -0.944569   -2.59404     -3.595    -3.5668    -3.5668   -2.22749   -2.07241   -2.07241   -2.07241   -2.29798   -3.55271   -3.38353   -1.62127          0          0          0          0          0
         0          0          0          0          0          0          0          0          0  -0.211471   -2.73502    -3.5668    -2.9042   -1.38161  -0.380647 -0.0422941          0          0          0 -0.0704902   -0.57802   -2.26978   -2.76322          0          0          0          0          0
         0          0          0          0          0          0          0          0          0  -0.549824    -3.5668   -2.83371  -0.281961          0          0          0          0          0          0          0          0          0  -0.310157          0          0          0          0          0
         0          0          0          0          0          0          0          0          0   -1.04325    -3.5668   -1.52259          0          0          0          0          0          0          0          0          0          0          0          0          0          0          0          0
         0          0          0          0          0          0          0          0          0   -2.43896    -3.5668   -1.52259          0          0          0          0          0          0          0          0          0          0          0          0          0          0          0          0
         0          0          0          0          0          0          0          0          0   -2.43896    -3.5668   -1.52259          0          0          0          0          0          0          0          0          0          0          0          0          0          0          0          0
         0          0          0          0          0          0          0          0          0   -2.24159    -3.5668   -1.70586          0          0          0          0          0          0          0          0          0          0          0          0          0          0          0          0
         0          0          0          0          0          0          0          0          0  -0.549824    -3.5668   -3.41173 -0.0845882          0          0          0          0          0          0          0          0          0          0          0          0          0          0          0
         0          0          0          0          0          0          0          0          0  -0.563922    -3.5809    -3.5809   -2.70682   -1.01506          0          0          0          0          0          0          0          0          0          0          0          0          0          0
         0          0          0          0          0          0          0          0          0          0   -1.36751    -3.5668    -3.5809    -3.5668   -2.77731   -1.69176  -0.267863          0          0          0          0          0          0          0          0          0          0          0
         0          0          0          0          0          0          0          0          0          0 -0.0281961   -1.28292   -2.08651   -2.07241   -3.49631    -3.5668   -3.41173   -2.49535          0          0          0          0          0          0          0          0          0          0
         0          0          0          0          0          0          0          0          0          0          0          0          0          0   -1.70586    -3.5668    -3.5668   -3.12976  -0.507529          0          0          0          0          0          0          0          0          0
         0          0          0          0          0          0          0          0          0          0          0          0          0          0   -2.07241    -3.5668    -3.5668   -2.93239   -1.12784  -0.366549          0          0          0          0          0          0          0          0
         0          0          0          0          0          0          0          0          0          0          0          0          0  -0.437039   -3.42582    -3.5668    -3.5668    -3.5668   -3.38353  -0.845882          0          0          0          0          0          0          0          0
         0          0          0          0          0          0          0          0          0          0          0          0  -0.394745   -2.07241    -3.5668    -3.5668    -3.5668    -2.8901  -0.761294          0          0          0          0          0          0          0          0          0
         0          0          0          0          0          0          0          0          0  -0.380647  -0.549824   -1.64947   -3.04518    -3.5668    -3.5668   -3.07337     -1.438  -0.845882          0          0          0          0          0          0          0          0          0          0
         0          0          0          0          0  -0.324255  -0.366549   -1.84684   -2.24159   -3.14386    -3.5668    -3.5668   -3.39763   -2.31208   -1.32522   -0.14098          0          0          0          0          0          0          0          0          0          0          0          0
         0          0          0  -0.972765   -2.05831   -3.41173    -3.5668    -3.5668   -3.53861   -3.39763   -2.21339   -1.52259  -0.733098          0          0          0          0          0          0          0          0          0          0          0          0          0          0          0
         0          0          0   -1.70586     -3.595     -3.595   -3.00288   -1.70586   -1.35341          0          0          0          0          0          0          0          0          0          0          0          0          0          0          0          0          0          0          0
         0          0          0          0          0          0          0          0          0          0          0          0          0          0          0          0          0          0          0          0          0          0          0          0          0          0          0          0
         0          0          0          0          0          0          0          0          0          0          0          0          0          0          0          0          0          0          0          0          0          0          0          0          0          0          0          0
         0          0          0          0          0          0          0          0          0          0          0          0          0          0          0          0          0          0          0          0          0          0          0          0          0          0          0          0
         0          0          0          0          0          0          0          0          0          0          0          0          0          0          0          0          0          0          0          0          0          0          0          0          0          0          0          0
         0          0          0          0          0          0          0          0          0          0          0          0          0          0          0          0          0          0          0          0          0          0          0          0          0          0          0          0


