5
dense 6 6 leakyrelu
dense 32 32 leakyrelu
dense 16 16 leakyrelu
dense 8 8 leakyrelu
dense 1 1 leakyrelu

    0.53976    0.335548     0.22094   -0.355861   0.0188282   -0.343616
   0.335836    0.345962    0.574164    0.459715  -0.0837284   -0.363872
    0.25929     0.47853   -0.120159   -0.444828    0.307294    0.304846
  -0.157866   0.0666175    0.406993   -0.112125    0.109851  -0.0144618
   -0.36737   -0.326498    -0.57725   0.0768847  -0.0671938   0.0323417
   0.440664    0.241433   -0.310345    -0.17795   -0.553172   0.0333483
 -0.0841347     0.48735   -0.261408   -0.105311   -0.785227   -0.134055
   0.458047    0.269813   -0.223727   -0.276156   -0.166338    0.402191
   0.163999   -0.472328   -0.342639   -0.551621   -0.493477   -0.436273
  0.0912707   -0.507609    0.133566   -0.173709   -0.763377  -0.0481099
   0.420678   -0.276096    0.187116   -0.106315    0.125163    0.125738
   0.442057    0.418975    0.575683    0.458227    0.126879    0.429371
   0.362815    0.339929    0.113893    0.237936    0.583863    -0.33408
   0.415598   -0.383714   -0.402643    0.192247   -0.461858   -0.371603
  -0.328981    -0.37012    0.216152    0.254955    0.342909   -0.348272
   0.502206   -0.333111  -0.0645637    0.487951   -0.543505   -0.163404
   0.407036   -0.452258    0.433671    -0.31852   -0.252203    0.393618
 -0.0347635   -0.449473   -0.573484   0.0846125   -0.407639    0.312629
  -0.219884    0.493267    0.196947    0.418203    0.102359   -0.416784
  -0.194295   -0.384308   -0.311138    0.369038  -0.0976787    0.229329
  -0.240358   -0.037462    0.132433    0.119753  -0.0485119    0.418627
  -0.207835    0.389194   -0.181365   -0.315435   0.0633948   -0.225217
  -0.209424  -0.0860997   -0.362824  -0.0846556   -0.584852  -0.0235462
   0.450875  -0.0500376   -0.525588    0.399426 -0.00584238    0.177827
  -0.447702   -0.446725    0.205405   -0.267995   -0.158302    0.189437
   0.313805    0.283862    0.153966     0.17055  -0.0400966  -0.0816067
   0.521141    0.529612   -0.379936   -0.318633   -0.375395  -0.0432814
 -0.0359553    0.429955   0.0857837   0.0557478  -0.0879258  -0.0748408
 -0.0960132    0.135054   -0.279336    0.237511  -0.0544599   -0.351596
  -0.234272    0.330895   -0.402891   -0.263692   -0.280966   -0.421601
  -0.277961    0.466016    0.217811      -0.408   0.0987968  -0.0914724
   0.272388    0.327587   -0.254369   -0.126888   -0.102059    0.231496

   0.0818036     0.167947     0.247332    -0.300639     0.122796   -0.0126533    -0.148113    0.0584697    -0.208572   -0.0877136     0.193443   -0.0876977    -0.115985    0.0261993    -0.131362     0.043508    0.0374185    0.0745491    -0.163411    -0.125816   -0.0996133    -0.387429    -0.124206    0.0246534    -0.197502     0.185247     0.271287     0.215803   -0.0483955     -0.17262   -0.0398144    -0.126489
    0.188037   -0.0763765    -0.067393    -0.173571    0.0350717     0.154894    0.0559956     0.191017     0.204659     0.122402   0.00198835     0.191104     -0.15331   -0.0736558    -0.107622   -0.0789014    0.0579396    0.0116464     0.200575     0.100477    -0.124262   -0.0735513   -0.0394179    0.0217882    -0.141634   -0.0411989   -0.0937796   0.00618644   -0.0679635    -0.339049    -0.100391  -0.00941765
    0.144928     0.173349    0.0528715    -0.153063   0.00178681     0.172094     0.177841     0.309197     0.189441    0.0859629     0.211673    -0.171713   -0.0189809    0.0528526     0.177468     0.297034     0.403726     -0.19233     0.161401     0.229283    -0.202037     -0.25348    -0.117589     0.134368    -0.255232    -0.135749    -0.126665     0.195038    0.0559216    -0.195636     0.101137    0.0874598
  -0.0642171   -0.0667736     0.141326     0.117465     -0.04921   -0.0896409   -0.0645389   -0.0541388    -0.135524     0.114167    -0.426578     0.167594    0.0790756    0.0384487  -0.00764666    -0.328565   -0.0860974     -0.19237     0.166681    -0.108462     0.384615     0.473015    -0.254593    -0.112309 -0.000621484   -0.0482409    -0.216854    -0.140517    -0.333791     0.521725    0.0697645    0.0453402
   -0.197539    -0.136233     0.162658    -0.137692     0.210775    0.0263065    -0.129591      0.18402    -0.145364    0.0489827    0.0842954    0.0910374   -0.0110698     0.216466     0.161713     0.196568     0.328917   -0.0114212   -0.0502048     0.195768  -0.00407248   -0.0154875   -0.0187415     0.106538     0.101724     0.233605   -0.0967553   -0.0593525    0.0204703    -0.152676    -0.070037    0.0780806
    0.160334   0.00436359    0.0622771   -0.0282515  -0.00690245    0.0508707    -0.142265   0.00710318   -0.0116934    0.0742622     0.250237   -0.0237492     0.131625     0.171127    -0.111385    0.0554192   0.00392232    0.0917604      0.01479       -0.157      -0.2869    -0.380944   -0.0236207     0.204369    -0.180613     0.113319     0.266144   -0.0685897     0.250725    -0.274757    0.0581527    0.0774207
   0.0653816    0.0887798    -0.151541     0.237039    0.0981637     0.113562    -0.112026    0.0109879     0.180906      0.13686    0.0497615   -0.0687995    0.0952922   -0.0175535    0.0647725    -0.167138   -0.0478766   -0.0934325     0.218552     0.145449     0.104499     0.152918    -0.195472     0.142527     0.193602    -0.171955    0.0989181    -0.105672    -0.238649    0.0573395     0.112638    -0.206023
 -0.00933288    -0.104332     0.235391    -0.107903     -0.13136     0.249191   -0.0849845   -0.0913719  -0.00927563    -0.204831    -0.132522    -0.128055     0.226947     0.058212    -0.222518    -0.145651     0.141613   -0.0505937    -0.125485     0.146432    0.0387223     0.220158    -0.173657    0.0934456    -0.173131    -0.107324     0.137638     0.227283     0.008773     0.341836    0.0780215    0.0272367
   0.0934126    0.0890452     0.062286      0.34426     0.192906    0.0811825    -0.161731    0.0590833    -0.120771   0.00408131   -0.0888197   -0.0589952    -0.206529    -0.323033    0.0724503    -0.144846    0.0116001    -0.224493     -0.19871    -0.204587   -0.0286286     0.306855   -0.0129955    -0.211981    -0.106604    -0.226872   -0.0809984   -0.0125389    -0.365822     0.328319      0.27151    -0.281604
    0.107671    0.0418926    0.0886533    -0.267765   -0.0530103    0.0989406    0.0879663     0.175294    0.0353809    0.0274205   -0.0254891    0.0939089    -0.121214     0.106144    0.0995487     0.173399     0.277865     0.134993     0.201728     0.199489   -0.0159564    -0.260889    -0.108477     0.232996    -0.216878    -0.171202    0.0389438    0.0579248      0.17322    -0.286495    -0.161218    0.0359186
   -0.147984     0.246879     0.152695     0.013477   -0.0156295     0.299486   -0.0719619    0.0548205    -0.289626    0.0512004     0.296936     0.226074    -0.111807    -0.158713    -0.301614    0.0837844     0.348414     0.176676    0.0460018    -0.269695    0.0504934   -0.0232952  -0.00669027     0.195967   -0.0381965    0.0616875    0.0293777    0.0315588     0.251438    -0.184165    0.0634597     0.195412
   0.0341605     0.154441    -0.221059    -0.080516    -0.110849    0.0695218    -0.247808    -0.204031   -0.0234663      0.15357 -0.000644296    -0.165653   0.00525077     0.101543     0.115662    -0.203924    -0.103577   -0.0727186    -0.171699   -0.0609973     0.232839     0.221466      0.16501     -0.31002     0.139119   -0.0108776    -0.235728   -0.0328758    -0.347502     0.397639    -0.149213    -0.171122
   0.0540737     0.198396    -0.233872     0.348663    -0.084903    -0.263205   -0.0216921    -0.252051   0.00233403   -0.0555986    -0.144646    0.0144109    0.0776452  -0.00983425     0.171792   -0.0879583    -0.461436    -0.102507    0.0611824    -0.136153     0.387237     0.322564   -0.0696678    -0.251918     0.170169   -0.0449526    -0.145398   -0.0261568     -0.22201     0.145313     0.258895    -0.239744
   0.0276853    0.0172095     0.016183      0.10715     0.175433    -0.174126   -0.0443483    -0.269832   -0.0910405    -0.236559    -0.447063     0.189149   -0.0477097    -0.057196    -0.186209    -0.323451    -0.431671     0.128392  -0.00600532     -0.23821     0.343328     0.538019   -0.0283746    -0.346036     0.126345     0.014366     0.115083    0.0320355   -0.0105626     0.561267     0.105638    -0.254961
   -0.253557     0.121166   -0.0347103     0.201491    0.0555663 -0.000824164     0.156076    -0.245036    0.0748653 -0.000739861    -0.285097    -0.181622    0.0236582     -0.20307    -0.112033    -0.067028    -0.275226     0.130404   -0.0282077   -0.0535403     0.192441     0.232988   -0.0230648   -0.0706746    0.0936944   -0.0402767     -0.10379      -0.2202    -0.153395     0.311845     0.019667    -0.152279
  -0.0601544    0.0672854    0.0285429     0.385868    -0.226862    -0.207193    -0.106366    -0.207903    -0.127451      0.06809    -0.431381    0.0296004    -0.108431    -0.324137   -0.0737657    -0.272367    -0.296996    -0.230378     0.174024    -0.172539     0.297286     0.313352     0.111476    -0.200069    -0.168156     0.170437    -0.176804    -0.097294    -0.199226     0.227758     0.388275    0.0884842

 -0.0483548   -0.272757   0.0988403     1.12184   -0.485037   0.0524521    0.397849    0.469184  -0.0497454    -0.25644     0.22301    0.234034    0.258994    0.931795    0.278596    0.457058
   -0.27831   -0.415259  0.00178447    0.355502   -0.169433    -0.46855    0.102118   0.0699074  -0.0636249  -0.0676971   -0.220753   0.0557817    0.260858    0.546734    0.194187 -0.00774498
   0.245564    0.227845  -0.0347967   -0.877138    0.333344    0.284807  0.00440143   -0.383028    0.108743    0.405734    0.330079   0.0229906   -0.578253   -0.750326   -0.169471    -1.04272
   0.392414   -0.110122    0.182813    -1.36006    0.114671    0.265225   -0.172849   -0.217722     -0.2517    0.328043    0.047372    0.108845    -0.19587    -1.00049  -0.0987499   -0.525317
 -0.0553852    -0.22499   -0.225431     1.43647   -0.542612   -0.291617  -0.0858132    0.485017    0.341482   0.0377232    0.204447   -0.177908    0.726944      1.1888   0.0473529     1.11482
 -0.0299888    0.202837    0.128778   -0.913588    0.385537    -0.22943   -0.442824   -0.499697   -0.329152  -0.0158247   -0.241753    0.159886   -0.665779   -0.650405    0.153136   -0.497707
   0.104648  -0.0497646    0.153541    -1.21012      0.1017  0.00967856   -0.285524    -0.15222   -0.394141    0.338113    0.180377   -0.192483   -0.677607    -1.18649   -0.014063    -1.05043
   0.236605    0.346556 -0.00872745    -1.47289    0.372895    0.272326   -0.461985  -0.0257192   -0.300605   -0.181166    0.251748   -0.219987   -0.500097    -1.20305  0.00640413   -0.686547

-0.711945 -0.459032  0.371124  0.420679  -1.38926  0.319003   1.02999  0.845262

   0.034364   0.0944489   0.0165951   0.0444876  -0.0597274  0.00266318  0.00765867  0.00325095  -0.0976339  -0.0747547   0.0270122   0.0908954   0.0776303  -0.0325263  -0.0666776   0.0512652  0.00540598   -0.010561   0.0590771  -0.0562791   0.0736951   0.0610949   -0.139965 -0.00136705  -0.0358419   0.0198053   0.0244453   0.0424151  0.00275609   0.0765789   0.0294581  -0.0121523

  0.0170081 -0.00113349  0.00285911   0.0312177  0.00882078  0.00597666  0.00963133   0.0716995 -0.00265162   0.0272486   0.0807525   -0.050637 -0.00843978   0.0127049  -0.0209535   0.0266326

  0.0414361   -0.170538  0.00903355  0.00714387   0.0192792 -0.00219271  0.00065945  0.00138606

0.0077356


