3
dense 6 6 leakyrelu
dense 12 12 leakyrelu
dense 1 1 leakyrelu

  -2.11643   0.212754  -0.136667   0.367915  -0.216972   0.212734
  -1.17787   0.177196   0.427557   -2.28268    1.58861   0.176923
   -1.3818   0.092817  -0.199621 -0.0169952  -0.156806  0.0927807
   -1.9514  -0.376918  -0.869072  -0.208587    1.02827  -0.376684
  -2.23687  -0.392696  -0.860186  -0.218588    1.21089  -0.392431
 0.0103729  -0.252189  -0.437659  -0.201845  -0.722577  -0.252338
  -1.06327 -0.0145389 -0.0835563   0.413014  -0.388618  -0.014574
 -0.684853  -0.199522  -0.162169   0.335101  -0.741984  -0.199788
 -0.608442  -0.187714  -0.374408   0.143589   0.500292   -0.18762
 -0.746689  -0.177163 -0.0195857   0.422742  -0.302267  -0.177245
  -2.20878   -0.34631  -0.776045   -0.48439     1.3588  -0.346095
 -0.927099  -0.152317   0.637909   -2.29323  -0.778528  -0.153456

 -1.60976  -0.79905 -0.247446  -1.15702  -1.23621 -0.149339 -0.819779 -0.180695 -0.528593  -0.24981  -1.19366   1.22346

  0.212754   0.177196  0.0928171  -0.376918  -0.392696  -0.252189 -0.0145389  -0.199522  -0.187714  -0.177163  -0.346311  -0.152316

0.88716


