2
dense 784 784 leakyrelu
convolutional 28 28 leakyrelu

-0.325257 -0.150622  0.235601
0.0248042 -0.151364 0.0190607
-0.593132 -0.287686  -0.35219

        0         0         0         0         0         0         0         0         0         0         0         0         0         0         0         0         0         0         0         0         0         0         0         0         0         0         0         0
        0         0         0         0         0         0         0         0         0         0         0         0         0         0         0         0         0         0         0         0         0         0         0         0         0         0         0         0
        0         0         0         0         0         0         0         0         0         0         0         0         0         0         0         0         0         0         0         0         0         0         0         0         0         0         0         0
        0         0         0         0         0         0         0         0         0         0         0         0         0         0         0         0         0         0         0         0         0         0         0         0         0         0         0         0
        0         0         0         0         0         0         0         0         0         0         0         0 -0.157975 -0.157975 -0.157975 -0.157975 -0.157975 -0.157975 -0.157975         0         0         0         0         0         0         0         0         0
        0         0         0         0         0         0         0         0         0         0         0         0 -0.157975 -0.157975 -0.157975 -0.157975 -0.157975 -0.157975 -0.157975 -0.157975 -0.157975         0         0         0         0         0         0         0
        0         0         0         0         0         0         0         0         0         0         0 -0.157975 -0.157975 -0.157975 -0.157975 -0.157975 -0.157975 -0.157975 -0.157975 -0.157975 -0.157975 -0.157975         0         0         0         0         0         0
        0         0         0         0         0         0         0         0         0         0         0         0 -0.157975 -0.157975 -0.157975 -0.157975 -0.157975 -0.157975 -0.157975 -0.157975 -0.157975 -0.157975         0         0         0         0         0         0
        0         0         0         0         0         0         0         0         0         0         0         0         0         0         0         0         0         0         0 -0.157975 -0.157975 -0.157975         0         0         0         0         0         0
        0         0         0         0         0         0         0         0         0         0         0         0         0         0         0         0         0         0 -0.157975 -0.157975 -0.157975 -0.157975         0         0         0         0         0         0
        0         0         0         0         0         0         0         0         0         0         0         0         0         0         0         0         0 -0.157975 -0.157975 -0.157975 -0.157975 -0.157975         0         0         0         0         0         0
        0         0         0         0         0         0         0         0         0         0         0         0         0         0         0 -0.157975 -0.157975 -0.157975 -0.157975 -0.157975 -0.157975 -0.157975         0         0         0         0         0         0
        0         0         0         0         0         0         0         0         0         0         0 -0.157975 -0.157975 -0.157975 -0.157975 -0.157975 -0.157975 -0.157975 -0.157975 -0.157975         0         0         0         0         0         0         0         0
        0         0         0         0         0         0         0         0         0         0 -0.157975 -0.157975 -0.157975 -0.157975 -0.157975 -0.157975 -0.157975 -0.157975 -0.157975         0         0         0         0         0         0         0         0         0
        0         0         0         0         0         0         0         0         0         0         0 -0.157975 -0.157975 -0.157975 -0.157975 -0.157975 -0.157975 -0.157975         0         0         0         0         0         0         0         0         0         0
        0         0         0         0         0         0         0         0         0         0         0         0         0         0         0 -0.157975 -0.157975 -0.157975 -0.157975         0         0         0         0         0         0         0         0         0
        0         0         0         0         0         0         0         0         0         0         0         0         0         0         0         0 -0.157975 -0.157975 -0.157975         0         0         0         0         0         0         0         0         0
        0         0         0         0         0         0         0         0         0         0         0         0         0         0         0         0 -0.157975 -0.157975 -0.157975         0         0         0         0         0         0         0         0         0
        0         0         0         0         0 -0.157975 -0.157975 -0.157975         0         0         0         0         0         0         0         0 -0.157975 -0.157975 -0.157975         0         0         0         0         0         0         0         0         0
        0         0         0         0 -0.157975 -0.157975 -0.157975 -0.157975         0         0         0         0         0         0         0         0 -0.157975 -0.157975 -0.157975         0         0         0         0         0         0         0         0         0
        0         0         0         0 -0.157975 -0.157975 -0.157975 -0.157975 -0.157975         0         0         0         0         0         0 -0.157975 -0.157975 -0.157975         0         0         0         0         0         0         0         0         0         0
        0         0         0         0 -0.157975 -0.157975 -0.157975 -0.157975 -0.157975 -0.157975 -0.157975 -0.157975 -0.157975 -0.157975 -0.157975 -0.157975 -0.157975 -0.157975         0         0         0         0         0         0         0         0         0         0
        0         0         0         0 -0.157975 -0.157975 -0.157975 -0.157975 -0.157975 -0.157975 -0.157975 -0.157975 -0.157975 -0.157975 -0.157975 -0.157975 -0.157975 -0.157975         0         0         0         0         0         0         0         0         0         0
        0         0         0         0         0         0 -0.157975 -0.157975 -0.157975 -0.157975 -0.157975 -0.157975 -0.157975 -0.157975 -0.157975 -0.157975 -0.157975         0         0         0         0         0         0         0         0         0         0         0
        0         0         0         0         0         0         0         0         0         0         0         0         0         0         0         0         0         0         0         0         0         0         0         0         0         0         0         0
        0         0         0         0         0         0         0         0         0         0         0         0         0         0         0         0         0         0         0         0         0         0         0         0         0         0         0         0
        0         0         0         0         0         0         0         0         0         0         0         0         0         0         0         0         0         0         0         0         0         0         0         0         0         0         0         0
        0         0         0         0         0         0         0         0         0         0         0         0         0         0         0         0         0         0         0         0         0         0         0         0         0         0         0         0


