2
dense 784 784 leakyrelu
convolutional 28 28 sigmoid

-86.3017 -86.2792 -86.2672 -86.4597 -86.3779
-86.0914 -85.9647 -86.4666 -86.3115 -86.4651
-86.4627 -86.0948 -85.9905 -86.1108 -86.0746
-86.1968 -86.3179 -86.1108 -85.9959 -86.4178
-86.1972 -86.1451  -86.017 -86.0409 -86.4538

        0         0         0         0         0         0         0         0         0         0         0         0         0         0         0         0         0         0         0         0         0         0         0         0         0         0         0         0
        0         0         0         0         0         0         0         0         0         0         0         0         0         0         0         0         0         0         0         0         0         0         0         0         0         0         0         0
        0         0         0         0         0         0         0         0         0         0         0         0         0         0         0         0         0         0         0         0         0         0         0         0         0         0         0         0
        0         0         0         0         0         0         0         0         0         0         0         0         0         0         0         0         0         0         0         0         0         0         0         0         0         0         0         0
        0         0         0         0         0         0         0         0         0         0         0         0         0         0         0         0         0         0         0         0         0         0         0         0         0         0         0         0
        0         0         0         0         0         0         0         0         0         0         0         0         0         0         0         0         0         0         0   1.17986   1.48711   2.61781     3.134     3.134   1.48711         0         0         0
        0         0         0         0         0         0         0         0         0         0         0         0         0         0         0   0.63909   1.32734   1.92956   2.96194   3.08484   3.10942   3.10942   2.97423   1.79437  0.848024         0         0         0
        0         0         0         0         0         0         0         0         0         0         0         0  0.122902   1.15528   2.01559   2.96194   3.10942   3.10942   2.74071   1.95414   1.61002  0.319545  0.282675         0         0         0         0         0
        0         0         0         0         0         0         0         0         0         0  0.737412    1.2536   2.67926   3.10942   3.10942   2.65468   1.43795  0.479318  0.331835         0         0         0         0         0         0         0         0         0
        0         0         0         0         0         0         0         0         0  0.663671   2.51949   3.10942   3.10942   3.10942   1.80666  0.344125         0         0         0         0         0         0         0         0         0         0         0         0
        0         0         0         0         0         0         0         0  0.737412   2.94965   3.10942   3.10942   3.10942   2.98652  0.380996         0         0         0         0         0         0         0         0         0         0         0         0         0
        0         0         0         0         0         0         0         0  0.319545  0.983216   2.55636   3.10942   3.10942   1.80666         0         0         0         0         0         0         0         0         0         0         0         0         0         0
        0         0         0         0         0         0         0         0         0  0.442447   2.72842   3.10942   3.10942   1.48711         0         0         0         0         0         0         0         0         0         0         0         0         0         0
        0         0         0         0         0         0         0         0         0         0   2.17536   2.97423   3.10942   3.04797   1.80666   1.81895   1.11841 0.0245804         0         0         0         0         0         0         0         0         0         0
        0         0         0         0         0         0         0         0         0         0         0  0.233514   1.47482   2.42117   3.10942   3.12171   3.10942   1.19215         0         0         0         0         0         0         0         0         0         0
        0         0         0         0         0         0         0         0         0         0         0         0         0         0  0.884894   2.35972   3.12171   3.12171  0.491608         0         0         0         0         0         0         0         0         0
        0         0         0         0         0         0         0         0         0         0         0         0         0         0         0 0.0737412   2.97423   3.10942  0.479318         0         0         0         0         0         0         0         0         0
        0         0         0         0         0         0         0         0         0         0         0         0         0         0         0         0   1.48711   3.10942   1.95414         0         0         0         0         0         0         0         0         0
        0         0         0         0         0         0         0         0         0         0         0         0         0         0         0         0   1.32734   3.10942    2.1262         0         0         0         0         0         0         0         0         0
        0         0         0         0         0         0         0         0         0         0         0         0         0         0         0         0   1.32734   3.10942    2.1262         0         0         0         0         0         0         0         0         0
        0         0         0         0         0         0         0         0         0         0         0         0         0         0         0         0   1.32734   3.10942  0.909475         0         0         0         0         0         0         0         0         0
        0         0         0         0         0  0.270384         0         0         0         0         0         0         0         0         0  0.245804   2.47033   3.10942  0.479318         0         0         0         0         0         0         0         0         0
        0         0         0         0         0   2.40888   1.97872  0.503898  0.061451         0         0         0 0.0368706  0.331835   1.20444   2.53178   3.10942    2.3843  0.184353         0         0         0         0         0         0         0         0         0
        0         0         0         0         0   1.41337   2.94965   3.09713    2.0033   1.80666   1.80666   1.80666   1.94185   3.10942   3.10942     3.134    2.2614  0.823443         0         0         0         0         0         0         0         0         0         0
        0         0         0         0         0         0         0   1.92956   3.10942   3.10942   3.10942   3.10942   3.10942   3.10942   3.10942   1.48711 0.0737412         0         0         0         0         0         0         0         0         0         0         0
        0         0         0         0         0         0         0         0         0         0         0         0         0         0         0         0         0         0         0         0         0         0         0         0         0         0         0         0
        0         0         0         0         0         0         0         0         0         0         0         0         0         0         0         0         0         0         0         0         0         0         0         0         0         0         0         0
        0         0         0         0         0         0         0         0         0         0         0         0         0         0         0         0         0         0         0         0         0         0         0         0         0         0         0         0


