5
dense 6 6 leakyrelu
dense 16 16 leakyrelu
dense 12 12 leakyrelu
dense 8 8 leakyrelu
dense 1 1 leakyrelu

  0.649296   0.399325   0.212004  -0.906717   0.234833     0.4009
  0.184263  -0.145242   0.265708  -0.507538   0.557801  -0.574555
  0.239387  -0.232874    0.56565   0.475593 0.00379058   0.113996
 -0.168926  -0.222366    0.02498  -0.369135   0.381059  -0.307276
 -0.388206     -0.315  -0.299326  -0.123944  -0.488204 -0.0196693
  0.503496  -0.233809   0.266685   0.347585  -0.304876  -0.224873
 -0.689563   0.100256   0.719505    0.18397  -0.249687  -0.363792
  0.512107    0.43301     0.2399  -0.177592   -0.23002   -0.53068
  0.215517  -0.431514  -0.421956  -0.462395   -0.31003   0.226306
  0.368689    0.19902  -0.864945   0.382445   0.122959   0.157505
  0.570049   0.365992  -0.394159   0.413775    0.13929   -0.36608
  0.504479 -0.0926616   0.422708   0.403741   0.530643   0.147422
  0.657612  -0.172837   0.245432   0.140954  0.0240972  -0.198473
  0.435404  -0.355286   -0.40648   0.252357  -0.446425  -0.344503
 -0.281994  -0.256014  -0.317214   0.579329   0.107747   0.213888
  0.737462 -0.0870198  -0.668956   0.420695  -0.089355  -0.285269

  -0.334672    0.140143   -0.275504    0.112441  -0.0518454   -0.147688   -0.228911    0.221357    0.105495    0.101726    0.123499   0.0803898   -0.428465    0.291834    0.309525   -0.256421
   0.283606    0.133524    0.142244   -0.170492  -0.0748017   -0.275337   0.0210195   -0.184196    0.296713   0.0469083   0.0347004   0.0890198  -0.0689936  -0.0262017  -0.0691231   -0.110178
  -0.292994    0.194194   -0.256929   -0.301992   -0.122757  -0.0784311   0.0506503    0.051989    0.219513   -0.365853    0.272674   -0.243805  -0.0298838    0.247827   0.0382336    0.288033
  -0.559081    0.265486    0.036483    0.104537   0.0991266  -0.0641201    0.630359  -0.0745503   -0.136936   -0.489499   0.0304871    0.150624   -0.279462    0.301096    -0.28559   -0.262706
   0.413206   -0.185383    0.192428   -0.149693   -0.114774  -0.0871696   -0.479257    0.260266    -0.34627    0.501371    0.359741    0.209055    0.113313    0.199131  -0.0201809    0.641011
  -0.149954   0.0339021   -0.196541   -0.289101   -0.257333   -0.316066    -0.23312  -0.0701477    0.243175   -0.112691   0.0368839   0.0790438    0.153558   0.0259494    0.294416  -0.0375392
    0.18574    0.313181   -0.231157    0.307326   -0.350035    0.369056   -0.402529   0.0439664    0.104024    0.505399    0.273982    0.195747    0.396246 -0.00453034    0.147901    0.535956
     -0.219    0.264275    -0.09789   -0.165893    0.193979  -0.0407039   -0.146998  -0.0765807  -0.0702914   -0.127546   0.0745441   -0.246822  -0.0381677  -0.0240056   -0.275675    0.333312
  -0.362408   0.0544582    0.248691    0.185634   -0.271815   0.0280082    0.218272    -0.30408    0.155756   -0.230157    0.295755   -0.390828    0.323405    0.333787   -0.213221   -0.162198
  -0.120623   -0.160006   0.0860844   -0.242342    0.156281    0.020317    0.223244   -0.344106    0.125724  0.00146284   -0.124628   0.0121634   -0.301875   -0.029701   0.0652951  -0.0961557
 -0.0874606 -0.00750465    0.195458   0.0892014  -0.0354924   -0.129105   -0.328306   -0.137576    -0.32998   0.0996861  0.00161467  -0.0328321   0.0422693     0.17942   0.0690435    0.127491
   0.334378    0.251541   -0.166821   -0.206366    0.147383    0.268552    0.123367    0.148682     0.13237   -0.167241    0.177774  -0.0444445   -0.196693   -0.173076   0.0570283  -0.0995778

  -0.307815   -0.310201  -0.0555678    0.248188   -0.363778   -0.224337    -0.13908   0.0117507  0.00609952    0.210093   -0.182074   -0.100293
      0.077     0.11994    0.204884   0.0182915    0.293091    0.109505    0.178771   0.0913637   -0.343644   -0.401669    0.343953   0.0855979
   0.251455   -0.337834     0.39775   -0.392313    0.523265   -0.394569    0.348449    0.262371  -0.0167169    0.192213   -0.328508    0.298525
  -0.178167   -0.350677   0.0191843   -0.165306   -0.197861   -0.124478    0.282324    0.193302   -0.372838    0.345021    0.282005   -0.235877
  -0.242443 -0.00290337    0.132113   -0.253794    -0.27079   0.0184767   0.0819137   -0.114356   -0.208316    0.234862    0.157123    0.023509
  -0.390874   -0.184546    -0.15301   -0.652844    0.356242   -0.157902    0.510361   -0.389305   0.0836169   -0.327772  -0.0491426    0.402571
  -0.411523    0.316059    0.102005   -0.660261    0.838219    0.117573     0.75335  -0.0116104    0.368658   -0.216009   -0.130783   -0.236949
  -0.429885   -0.257147    -0.36773   -0.339596   0.0778095   -0.189027   -0.195666    0.169593   -0.272977   -0.330858   -0.302335   0.0328805

 -0.293442   0.152986    0.58962    0.15084 -0.0389218   0.923832    1.23082   0.465215

  -0.0428286   -0.0701773    0.0209864 -3.91653e-05   0.00133142    0.0258662     0.207023   -0.0386593  0.000270491    -0.107106    -0.143482    0.0444427   -0.0222981   -0.0485563    0.0411711     -0.37377

   0.142001 -0.00261594  -0.0693689   0.0957025   -0.199986 0.000151913   -0.225744   0.0107083  -0.0914425 7.61998e-05  -0.0533958  -0.0580305

-0.000392704    -0.120852    -0.171919  -0.00185535  2.65373e-05   -0.0419047    -0.142654     0.156348

-0.0558116


