4
dense 6 6 leakyrelu
dense 8 8 leakyrelu
dense 6 6 leakyrelu
dense 1 1 leakyrelu

 -0.010038   0.274097   0.602346  -0.455721   0.394372  -0.420757
  0.664118  -0.259329  -0.800984   0.836577   0.259273  -0.492092
  0.833758   0.164775  -0.857717   0.421326   0.427866  -0.344536
 0.0761884   0.437854  -0.279184  -0.136889 0.00678382   0.368406
 -0.397989   0.258681  -0.332759  -0.210238   -0.30053   0.293649
   1.42002   0.255129  -0.476595  -0.581483   0.101484   -0.39821
 -0.196469  -0.327383 -0.0948438  -0.293562   0.539733  -0.341401
    1.0819   0.288453   0.115872  0.0690467   0.211743  -0.435232

 -0.446941  0.0483863   0.125436 -0.0030521  -0.268286   0.086347  -0.017048  -0.317812
 -0.399051   0.729099   0.799747   0.358496   0.100765   0.744102  -0.195412   0.484834
  0.341122  -0.433635   0.415657  -0.341924   0.152795   0.580147   -0.31584  -0.300345
 -0.320755   0.253548   0.329085  -0.253144   0.471908  -0.498743  -0.459083   -0.29907
 -0.131018    1.23143   0.736896  -0.249362  0.0239452   0.746514   0.195657   0.482859
  0.413383   0.127486   0.255099  -0.216036  -0.381759  -0.685073   0.136071  -0.219914

 -0.47602   1.42828 -0.631942 -0.163733   1.57416  -0.55613

 0.0616303  -0.380718  -0.262515  -0.054426  -0.110295  -0.230969 0.00079436   -0.20702

  0.001541  -0.269643  -0.107542 -0.0073738  -0.256681   0.292596

-0.322889


