2
dense 784 784 leakyrelu
convolutional 28 28 leakyrelu

-38.9378 -38.9153 -38.9032 -39.0958  -39.014
-38.7275 -38.6008 -39.1027 -38.9476 -39.1012
-39.0988 -38.7309 -38.6266 -38.7469 -38.7107
-38.8329  -38.954 -38.7469 -38.6319 -39.0539
-38.8333 -38.7812 -38.6531  -38.677 -39.0899

         0          0          0          0          0          0          0          0          0          0          0          0          0          0          0          0          0          0          0          0          0          0          0          0          0          0          0          0
         0          0          0          0          0          0          0          0          0          0          0          0          0          0          0          0          0          0          0          0          0          0          0          0          0          0          0          0
         0          0          0          0          0          0          0          0          0          0          0          0          0          0          0          0          0          0          0          0          0          0          0          0          0          0          0          0
         0          0          0          0          0          0          0          0          0          0          0          0          0          0          0          0          0          0          0          0          0          0          0          0          0          0          0          0
         0          0          0          0          0          0          0          0          0          0          0          0          0          0          0          0          0          0          0          0          0          0          0          0          0          0          0          0
         0          0          0          0          0          0          0          0          0          0          0          0          0          0          0          0          0          0          0  -0.531576  -0.670008   -1.17944     -1.412     -1.412  -0.670008          0          0          0
         0          0          0          0          0          0          0          0          0          0          0          0          0          0          0  -0.287937  -0.598024  -0.869349   -1.33448   -1.38985   -1.40093   -1.40093   -1.34002  -0.808439  -0.382071          0          0          0
         0          0          0          0          0          0          0          0          0          0          0          0 -0.0553726  -0.520502   -0.90811   -1.33448   -1.40093   -1.40093   -1.23481  -0.880424   -0.72538  -0.143969  -0.127357          0          0          0          0          0
         0          0          0          0          0          0          0          0          0          0  -0.332235    -0.5648   -1.20712   -1.40093   -1.40093   -1.19605  -0.647859  -0.215953  -0.149506          0          0          0          0          0          0          0          0          0
         0          0          0          0          0          0          0          0          0  -0.299012   -1.13514   -1.40093   -1.40093   -1.40093  -0.813977  -0.155043          0          0          0          0          0          0          0          0          0          0          0          0
         0          0          0          0          0          0          0          0  -0.332235   -1.32894   -1.40093   -1.40093   -1.40093   -1.34555  -0.171655          0          0          0          0          0          0          0          0          0          0          0          0          0
         0          0          0          0          0          0          0          0  -0.143969   -0.44298   -1.15175   -1.40093   -1.40093  -0.813977          0          0          0          0          0          0          0          0          0          0          0          0          0          0
         0          0          0          0          0          0          0          0          0  -0.199341   -1.22927   -1.40093   -1.40093  -0.670008          0          0          0          0          0          0          0          0          0          0          0          0          0          0
         0          0          0          0          0          0          0          0          0          0  -0.980094   -1.34002   -1.40093   -1.37324  -0.813977  -0.819514   -0.50389 -0.0110745          0          0          0          0          0          0          0          0          0          0
         0          0          0          0          0          0          0          0          0          0          0  -0.105208  -0.664471   -1.09084   -1.40093   -1.40646   -1.40093  -0.537114          0          0          0          0          0          0          0          0          0          0
         0          0          0          0          0          0          0          0          0          0          0          0          0          0  -0.398682   -1.06315   -1.40646   -1.40646   -0.22149          0          0          0          0          0          0          0          0          0
         0          0          0          0          0          0          0          0          0          0          0          0          0          0          0 -0.0332235   -1.34002   -1.40093  -0.215953          0          0          0          0          0          0          0          0          0
         0          0          0          0          0          0          0          0          0          0          0          0          0          0          0          0  -0.670008   -1.40093  -0.880424          0          0          0          0          0          0          0          0          0
         0          0          0          0          0          0          0          0          0          0          0          0          0          0          0          0  -0.598024   -1.40093  -0.957945          0          0          0          0          0          0          0          0          0
         0          0          0          0          0          0          0          0          0          0          0          0          0          0          0          0  -0.598024   -1.40093  -0.957945          0          0          0          0          0          0          0          0          0
         0          0          0          0          0          0          0          0          0          0          0          0          0          0          0          0  -0.598024   -1.40093  -0.409757          0          0          0          0          0          0          0          0          0
         0          0          0          0          0   -0.12182          0          0          0          0          0          0          0          0          0  -0.110745   -1.11299   -1.40093  -0.215953          0          0          0          0          0          0          0          0          0
         0          0          0          0          0    -1.0853  -0.891498  -0.227027 -0.0276863          0          0          0 -0.0166118  -0.149506  -0.542651   -1.14067   -1.40093   -1.07423 -0.0830588          0          0          0          0          0          0          0          0          0
         0          0          0          0          0  -0.636784   -1.32894   -1.39539  -0.902573  -0.813977  -0.813977  -0.813977  -0.874886   -1.40093   -1.40093     -1.412   -1.01885  -0.370996          0          0          0          0          0          0          0          0          0          0
         0          0          0          0          0          0          0  -0.869349   -1.40093   -1.40093   -1.40093   -1.40093   -1.40093   -1.40093   -1.40093  -0.670008 -0.0332235          0          0          0          0          0          0          0          0          0          0          0
         0          0          0          0          0          0          0          0          0          0          0          0          0          0          0          0          0          0          0          0          0          0          0          0          0          0          0          0
         0          0          0          0          0          0          0          0          0          0          0          0          0          0          0          0          0          0          0          0          0          0          0          0          0          0          0          0
         0          0          0          0          0          0          0          0          0          0          0          0          0          0          0          0          0          0          0          0          0          0          0          0          0          0          0          0


