2
dense 784 784 leakyrelu
convolutional 28 28 leakyrelu

 -0.225213 -0.0504032   0.336208
    0.1252 -0.0511454    0.11945
 -0.493357  -0.187604  -0.252173

         0          0          0          0          0          0          0          0          0          0          0          0          0          0          0          0          0          0          0          0          0          0          0          0          0          0          0          0
         0          0          0          0          0          0          0          0          0          0          0          0          0          0          0          0          0          0          0          0          0          0          0          0          0          0          0          0
         0          0          0          0          0          0          0          0          0          0          0          0          0          0          0          0          0          0          0          0          0          0          0          0          0          0          0          0
         0          0          0          0          0          0          0          0          0          0          0          0          0          0          0          0          0          0          0          0          0          0          0          0          0          0          0          0
         0          0          0          0          0          0          0          0          0          0          0          0          0          0          0          0          0          0          0          0          0          0          0          0          0          0          0          0
         0          0          0          0          0          0          0          0          0          0          0          0          0          0          0          0          0          0          0 -0.0577633 -0.0577633 -0.0577633 -0.0577633 -0.0577633 -0.0577633          0          0          0
         0          0          0          0          0          0          0          0          0          0          0          0          0          0          0 -0.0577633 -0.0577633 -0.0577633 -0.0577633 -0.0577633 -0.0577633 -0.0577633 -0.0577633 -0.0577633 -0.0577633          0          0          0
         0          0          0          0          0          0          0          0          0          0          0          0 -0.0577633 -0.0577633 -0.0577633 -0.0577633 -0.0577633 -0.0577633 -0.0577633 -0.0577633 -0.0577633 -0.0577633 -0.0577633          0          0          0          0          0
         0          0          0          0          0          0          0          0          0          0 -0.0577633 -0.0577633 -0.0577633 -0.0577633 -0.0577633 -0.0577633 -0.0577633 -0.0577633 -0.0577633          0          0          0          0          0          0          0          0          0
         0          0          0          0          0          0          0          0          0 -0.0577633 -0.0577633 -0.0577633 -0.0577633 -0.0577633 -0.0577633 -0.0577633          0          0          0          0          0          0          0          0          0          0          0          0
         0          0          0          0          0          0          0          0 -0.0577633 -0.0577633 -0.0577633 -0.0577633 -0.0577633 -0.0577633 -0.0577633          0          0          0          0          0          0          0          0          0          0          0          0          0
         0          0          0          0          0          0          0          0 -0.0577633 -0.0577633 -0.0577633 -0.0577633 -0.0577633 -0.0577633          0          0          0          0          0          0          0          0          0          0          0          0          0          0
         0          0          0          0          0          0          0          0          0 -0.0577633 -0.0577633 -0.0577633 -0.0577633 -0.0577633          0          0          0          0          0          0          0          0          0          0          0          0          0          0
         0          0          0          0          0          0          0          0          0          0 -0.0577633 -0.0577633 -0.0577633 -0.0577633 -0.0577633 -0.0577633 -0.0577633 -0.0577632          0          0          0          0          0          0          0          0          0          0
         0          0          0          0          0          0          0          0          0          0          0 -0.0577633 -0.0577633 -0.0577633 -0.0577633 -0.0577633 -0.0577633 -0.0577633          0          0          0          0          0          0          0          0          0          0
         0          0          0          0          0          0          0          0          0          0          0          0          0          0 -0.0577633 -0.0577633 -0.0577633 -0.0577633 -0.0577633          0          0          0          0          0          0          0          0          0
         0          0          0          0          0          0          0          0          0          0          0          0          0          0          0 -0.0577633 -0.0577633 -0.0577633 -0.0577633          0          0          0          0          0          0          0          0          0
         0          0          0          0          0          0          0          0          0          0          0          0          0          0          0          0 -0.0577633 -0.0577633 -0.0577633          0          0          0          0          0          0          0          0          0
         0          0          0          0          0          0          0          0          0          0          0          0          0          0          0          0 -0.0577633 -0.0577633 -0.0577633          0          0          0          0          0          0          0          0          0
         0          0          0          0          0          0          0          0          0          0          0          0          0          0          0          0 -0.0577633 -0.0577633 -0.0577633          0          0          0          0          0          0          0          0          0
         0          0          0          0          0          0          0          0          0          0          0          0          0          0          0          0 -0.0577633 -0.0577633 -0.0577633          0          0          0          0          0          0          0          0          0
         0          0          0          0          0 -0.0577633          0          0          0          0          0          0          0          0          0 -0.0577633 -0.0577633 -0.0577633 -0.0577633          0          0          0          0          0          0          0          0          0
         0          0          0          0          0 -0.0577633 -0.0577633 -0.0577633 -0.0577633          0          0          0 -0.0577633 -0.0577633 -0.0577633 -0.0577633 -0.0577633 -0.0577633 -0.0577633          0          0          0          0          0          0          0          0          0
         0          0          0          0          0 -0.0577633 -0.0577633 -0.0577633 -0.0577633 -0.0577633 -0.0577633 -0.0577633 -0.0577633 -0.0577633 -0.0577633 -0.0577633 -0.0577633 -0.0577633          0          0          0          0          0          0          0          0          0          0
         0          0          0          0          0          0          0 -0.0577633 -0.0577633 -0.0577633 -0.0577633 -0.0577633 -0.0577633 -0.0577633 -0.0577633 -0.0577633 -0.0577633          0          0          0          0          0          0          0          0          0          0          0
         0          0          0          0          0          0          0          0          0          0          0          0          0          0          0          0          0          0          0          0          0          0          0          0          0          0          0          0
         0          0          0          0          0          0          0          0          0          0          0          0          0          0          0          0          0          0          0          0          0          0          0          0          0          0          0          0
         0          0          0          0          0          0          0          0          0          0          0          0          0          0          0          0          0          0          0          0          0          0          0          0          0          0          0          0


